0 0.486328125 0.7645833333333334 0.00859375 0.015277777777777779
0 0.60078125 0.8506944444444445 0.009375000000000001 0.018055555555555557
0 0.6488281250000001 0.46319444444444446 0.00859375 0.015277777777777779
0 0.53046875 0.41944444444444445 0.009375000000000001 0.01388888888888889
0 0.537109375 0.6791666666666667 0.00859375 0.016666666666666666
0 0.6468750000000001 0.48333333333333334 0.009375000000000001 0.016666666666666666
0 0.527734375 0.4416666666666667 0.00859375 0.01388888888888889
0 0.48281250000000003 0.7881944444444444 0.0078125 0.015277777777777779
0 0.6039062500000001 0.8270833333333334 0.009375000000000001 0.018055555555555557
0 0.63671875 0.5694444444444444 0.009375000000000001 0.019444444444444445
0 0.50546875 0.7166666666666667 0.009375000000000001 0.016666666666666666
0 0.568359375 0.6430555555555556 0.00859375 0.016666666666666666
0 0.625 0.5395833333333333 0.009375000000000001 0.018055555555555557
0 0.6140625000000001 0.5104166666666667 0.009375000000000001 0.018055555555555557
0 0.552734375 0.6618055555555555 0.00859375 0.015277777777777779
0 0.52109375 0.6972222222222223 0.009375000000000001 0.016666666666666666
0 0.58515625 0.6256944444444444 0.009375000000000001 0.018055555555555557
0 0.618359375 0.5881944444444445 0.00859375 0.018055555555555557
0 0.48945312500000004 0.7319444444444445 0.00859375 0.016666666666666666
0 0.6019531250000001 0.6069444444444445 0.00859375 0.016666666666666666
