0 0.32569444444444445 0.31328125 0.018055555555555557 0.009375000000000001
0 0.6819444444444445 0.42890625000000004 0.016666666666666666 0.009375000000000001
0 0.3479166666666667 0.434375 0.018055555555555557 0.010937500000000001
0 0.6791666666666667 0.311328125 0.016666666666666666 0.01015625
0 0.5680555555555555 0.35859375000000004 0.019444444444444445 0.0125
0 0.33819444444444446 0.43359375 0.018055555555555557 0.009375000000000001
0 0.5916666666666667 0.41054687500000003 0.016666666666666666 0.01015625
0 0.6708333333333334 0.3125 0.016666666666666666 0.009375000000000001
0 0.6666666666666667 0.4296875 0.019444444444444445 0.009375000000000001
0 0.6131944444444445 0.39492187500000003 0.018055555555555557 0.01015625
0 0.33958333333333335 0.315234375 0.018055555555555557 0.01015625
0 0.5194444444444445 0.343359375 0.019444444444444445 0.01171875
0 0.6333333333333333 0.41875 0.016666666666666666 0.010937500000000001
0 0.4479166666666667 0.315234375 0.018055555555555557 0.01015625
0 0.37430555555555556 0.330078125 0.018055555555555557 0.01015625
0 0.41944444444444445 0.315234375 0.019444444444444445 0.01015625
0 0.49583333333333335 0.38593750000000004 0.019444444444444445 0.009375000000000001
0 0.4729166666666667 0.373046875 0.018055555555555557 0.01015625
0 0.5458333333333334 0.43671875000000004 0.019444444444444445 0.009375000000000001
0 0.3965277777777778 0.32929687500000004 0.0125 0.01171875
