0 0.4256944444444445 0.30703125000000003 0.043055555555555555 0.009375000000000001
0 0.5381944444444444 0.429296875 0.018055555555555557 0.01015625
0 0.33958333333333335 0.42617187500000003 0.009722222222222222 0.01015625
0 0.6694444444444445 0.421484375 0.008333333333333333 0.01015625
0 0.5819444444444445 0.404296875 0.019444444444444445 0.01015625
0 0.5583333333333333 0.350390625 0.019444444444444445 0.01015625
0 0.6055555555555556 0.388671875 0.019444444444444445 0.01015625
0 0.4881944444444445 0.377734375 0.018055555555555557 0.01015625
0 0.43819444444444444 0.30781250000000004 0.018055555555555557 0.009375000000000001
0 0.5118055555555556 0.33671875 0.018055555555555557 0.0125
0 0.4118055555555556 0.30781250000000004 0.018055555555555557 0.010937500000000001
0 0.46458333333333335 0.36484375 0.018055555555555557 0.010937500000000001
0 0.6256944444444444 0.41250000000000003 0.018055555555555557 0.010937500000000001
0 0.36319444444444443 0.32148437500000004 0.018055555555555557 0.01015625
0 0.31319444444444444 0.30625 0.009722222222222222 0.0078125
0 0.3340277777777778 0.307421875 0.0125 0.00859375
0 0.38819444444444445 0.32148437500000004 0.018055555555555557 0.01171875
0 0.6618055555555555 0.304296875 0.009722222222222222 0.00859375
0 0.6791666666666667 0.304296875 0.011111111111111112 0.00859375
0 0.32569444444444445 0.427734375 0.0125 0.00859375
0 0.6541666666666667 0.42421875000000003 0.011111111111111112 0.009375000000000001
