0 0.32430555555555557 0.42500000000000004 0.018055555555555557 0.009375000000000001
0 0.6694444444444445 0.419921875 0.008333333333333333 0.01015625
0 0.6597222222222222 0.30195312500000004 0.016666666666666666 0.00859375
0 0.6729166666666667 0.30078125 0.009722222222222222 0.009375000000000001
0 0.31319444444444444 0.30390625000000004 0.015277777777777779 0.009375000000000001
0 0.32569444444444445 0.30507812500000003 0.018055555555555557 0.01015625
0 0.36319444444444443 0.319140625 0.018055555555555557 0.01015625
0 0.5805555555555556 0.40078125000000003 0.016666666666666666 0.009375000000000001
0 0.5569444444444445 0.34921875 0.016666666666666666 0.010937500000000001
0 0.43333333333333335 0.30507812500000003 0.016666666666666666 0.01015625
0 0.6055555555555556 0.3875 0.019444444444444445 0.010937500000000001
0 0.6555555555555556 0.421875 0.016666666666666666 0.010937500000000001
0 0.4618055555555556 0.361328125 0.018055555555555557 0.01015625
0 0.4847222222222222 0.37617187500000004 0.016666666666666666 0.01015625
0 0.6243055555555556 0.409765625 0.018055555555555557 0.01015625
0 0.5083333333333333 0.333984375 0.019444444444444445 0.01171875
0 0.4083333333333333 0.30625 0.019444444444444445 0.010937500000000001
0 0.38333333333333336 0.319921875 0.01388888888888889 0.013281250000000001
0 0.5333333333333333 0.427734375 0.019444444444444445 0.01171875
0 0.33819444444444446 0.424609375 0.015277777777777779 0.00859375
