0 0.3805555555555556 0.314453125 0.016666666666666666 0.01015625
0 0.32222222222222224 0.42265625 0.016666666666666666 0.009375000000000001
0 0.33055555555555555 0.421875 0.016666666666666666 0.009375000000000001
0 0.6645833333333333 0.41718750000000004 0.018055555555555557 0.009375000000000001
0 0.6569444444444444 0.29921875000000003 0.016666666666666666 0.009375000000000001
0 0.31180555555555556 0.30000000000000004 0.018055555555555557 0.009375000000000001
0 0.6680555555555556 0.29765625 0.016666666666666666 0.009375000000000001
0 0.5305555555555556 0.425390625 0.016666666666666666 0.01015625
0 0.5756944444444445 0.397265625 0.018055555555555557 0.01015625
0 0.6541666666666667 0.41875 0.019444444444444445 0.009375000000000001
0 0.32430555555555557 0.30078125 0.018055555555555557 0.009375000000000001
0 0.5541666666666667 0.34453125 0.019444444444444445 0.0125
0 0.5055555555555555 0.330078125 0.019444444444444445 0.01171875
0 0.43194444444444446 0.30234375 0.019444444444444445 0.009375000000000001
0 0.5993055555555555 0.384375 0.018055555555555557 0.010937500000000001
0 0.40555555555555556 0.30234375 0.019444444444444445 0.010937500000000001
0 0.48194444444444445 0.373046875 0.016666666666666666 0.01015625
0 0.6194444444444445 0.40742187500000004 0.019444444444444445 0.01015625
0 0.4569444444444445 0.358984375 0.016666666666666666 0.01015625
0 0.35694444444444445 0.31679687500000003 0.016666666666666666 0.01015625
