0 0.3770833333333333 0.314453125 0.018055555555555557 0.01015625
0 0.6694444444444445 0.29335937500000003 0.016666666666666666 0.01015625
0 0.33055555555555555 0.41835937500000003 0.008333333333333333 0.00859375
0 0.6631944444444444 0.4140625 0.018055555555555557 0.009375000000000001
0 0.6583333333333333 0.29453125 0.016666666666666666 0.009375000000000001
0 0.32083333333333336 0.29765625 0.016666666666666666 0.009375000000000001
0 0.6506944444444445 0.41523437500000004 0.018055555555555557 0.01015625
0 0.31180555555555556 0.29609375 0.018055555555555557 0.009375000000000001
0 0.5020833333333333 0.32734375000000004 0.018055555555555557 0.0125
0 0.5972222222222222 0.38125000000000003 0.019444444444444445 0.010937500000000001
0 0.5520833333333334 0.341796875 0.018055555555555557 0.01171875
0 0.4791666666666667 0.369921875 0.019444444444444445 0.01015625
0 0.3541666666666667 0.312109375 0.019444444444444445 0.01015625
0 0.4291666666666667 0.29921875000000003 0.019444444444444445 0.010937500000000001
0 0.6180555555555556 0.404296875 0.019444444444444445 0.01015625
0 0.40208333333333335 0.298828125 0.018055555555555557 0.01015625
0 0.5756944444444445 0.39492187500000003 0.018055555555555557 0.01015625
0 0.45555555555555555 0.35625 0.019444444444444445 0.010937500000000001
0 0.5291666666666667 0.421484375 0.019444444444444445 0.01171875
0 0.31319444444444444 0.41835937500000003 0.009722222222222222 0.00859375
