0 0.3159722222222222 0.4140625 0.018055555555555557 0.009375000000000001
0 0.32569444444444445 0.41484375 0.018055555555555557 0.009375000000000001
0 0.5506944444444445 0.33671875 0.018055555555555557 0.0125
0 0.6618055555555555 0.41015625 0.018055555555555557 0.009375000000000001
0 0.6659722222222223 0.2890625 0.015277777777777779 0.009375000000000001
0 0.32083333333333336 0.2921875 0.016666666666666666 0.009375000000000001
0 0.6472222222222223 0.41328125000000004 0.016666666666666666 0.009375000000000001
0 0.6555555555555556 0.29140625000000003 0.016666666666666666 0.009375000000000001
0 0.30347222222222225 0.291796875 0.015277777777777779 0.00859375
0 0.40069444444444446 0.294140625 0.018055555555555557 0.01015625
0 0.5722222222222223 0.39101562500000003 0.016666666666666666 0.01015625
0 0.5006944444444444 0.32343750000000004 0.018055555555555557 0.010937500000000001
0 0.42708333333333337 0.29335937500000003 0.018055555555555557 0.01171875
0 0.3541666666666667 0.30781250000000004 0.019444444444444445 0.010937500000000001
0 0.6194444444444445 0.401171875 0.016666666666666666 0.01015625
0 0.5958333333333333 0.37734375000000003 0.016666666666666666 0.010937500000000001
0 0.45416666666666666 0.35195312500000003 0.019444444444444445 0.01171875
0 0.4791666666666667 0.36562500000000003 0.019444444444444445 0.010937500000000001
0 0.3791666666666667 0.309375 0.016666666666666666 0.010937500000000001
0 0.5291666666666667 0.41835937500000003 0.019444444444444445 0.013281250000000001
