0 0.32430555555555557 0.38906250000000003 0.018055555555555557 0.009375000000000001
0 0.5680555555555555 0.30781250000000004 0.016666666666666666 0.0125
0 0.33333333333333337 0.38906250000000003 0.019444444444444445 0.009375000000000001
0 0.6833333333333333 0.26015625000000003 0.019444444444444445 0.009375000000000001
0 0.6743055555555556 0.26171875 0.018055555555555557 0.009375000000000001
0 0.6791666666666667 0.38593750000000004 0.016666666666666666 0.009375000000000001
0 0.5145833333333334 0.29335937500000003 0.018055555555555557 0.01171875
0 0.5395833333333333 0.39101562500000003 0.018055555555555557 0.01015625
0 0.6354166666666667 0.373828125 0.018055555555555557 0.01171875
0 0.31180555555555556 0.26171875 0.018055555555555557 0.009375000000000001
0 0.38333333333333336 0.27734375 0.016666666666666666 0.009375000000000001
0 0.6145833333333334 0.34921875 0.018055555555555557 0.010937500000000001
0 0.32708333333333334 0.2625 0.018055555555555557 0.010937500000000001
0 0.4118055555555556 0.2625 0.018055555555555557 0.010937500000000001
0 0.6645833333333333 0.38710937500000003 0.018055555555555557 0.01015625
0 0.43819444444444444 0.262890625 0.018055555555555557 0.01015625
0 0.5881944444444445 0.36484375 0.018055555555555557 0.0125
0 0.4916666666666667 0.3375 0.019444444444444445 0.010937500000000001
0 0.36180555555555555 0.27734375 0.018055555555555557 0.009375000000000001
0 0.4666666666666667 0.323046875 0.019444444444444445 0.01015625
