0 0.3194444444444445 0.37890625 0.016666666666666666 0.009375000000000001
0 0.30833333333333335 0.37890625 0.016666666666666666 0.009375000000000001
0 0.6756944444444445 0.24921875000000002 0.015277777777777779 0.009375000000000001
0 0.6694444444444445 0.376953125 0.019444444444444445 0.01015625
0 0.6666666666666667 0.24960937500000002 0.019444444444444445 0.01015625
0 0.31319444444444444 0.24960937500000002 0.018055555555555557 0.01015625
0 0.5319444444444444 0.382421875 0.019444444444444445 0.01015625
0 0.2965277777777778 0.25 0.015277777777777779 0.009375000000000001
0 0.6569444444444444 0.377734375 0.016666666666666666 0.01015625
0 0.42708333333333337 0.251171875 0.018055555555555557 0.01171875
0 0.5034722222222222 0.28203125 0.020833333333333336 0.0125
0 0.6041666666666667 0.338671875 0.019444444444444445 0.01015625
0 0.5791666666666667 0.353515625 0.019444444444444445 0.01015625
0 0.3979166666666667 0.251171875 0.018055555555555557 0.01171875
0 0.5555555555555556 0.29765625 0.019444444444444445 0.0125
0 0.37569444444444444 0.265625 0.018055555555555557 0.010937500000000001
0 0.48055555555555557 0.326953125 0.019444444444444445 0.01171875
0 0.6256944444444444 0.36484375 0.018055555555555557 0.0125
0 0.3479166666666667 0.266796875 0.018055555555555557 0.01015625
0 0.45416666666666666 0.31171875000000004 0.019444444444444445 0.0125
