0 0.5256944444444445 0.384765625 0.018055555555555557 0.01015625
0 0.6666666666666667 0.25078125 0.019444444444444445 0.009375000000000001
0 0.30208333333333337 0.380859375 0.018055555555555557 0.00859375
0 0.6666666666666667 0.37890625 0.016666666666666666 0.009375000000000001
0 0.6583333333333333 0.25234375000000003 0.016666666666666666 0.009375000000000001
0 0.31319444444444444 0.380859375 0.018055555555555557 0.01015625
0 0.2881944444444445 0.251171875 0.015277777777777779 0.00859375
0 0.6520833333333333 0.38007812500000004 0.018055555555555557 0.01015625
0 0.36944444444444446 0.266796875 0.016666666666666666 0.01015625
0 0.30694444444444446 0.25078125 0.016666666666666666 0.009375000000000001
0 0.3944444444444445 0.25234375000000003 0.019444444444444445 0.010937500000000001
0 0.5506944444444445 0.298828125 0.020833333333333336 0.013281250000000001
0 0.42083333333333334 0.253125 0.019444444444444445 0.010937500000000001
0 0.49930555555555556 0.283984375 0.018055555555555557 0.013281250000000001
0 0.5979166666666667 0.34023437500000003 0.018055555555555557 0.01171875
0 0.5708333333333333 0.357421875 0.019444444444444445 0.01171875
0 0.3416666666666667 0.267578125 0.016666666666666666 0.01015625
0 0.6194444444444445 0.36757812500000003 0.019444444444444445 0.01171875
0 0.44930555555555557 0.31289062500000003 0.018055555555555557 0.01015625
0 0.4756944444444445 0.32851562500000003 0.020833333333333336 0.01015625
