0 0.30069444444444443 0.38593750000000004 0.018055555555555557 0.009375000000000001
0 0.6555555555555556 0.255859375 0.016666666666666666 0.01015625
0 0.6680555555555556 0.25546875 0.016666666666666666 0.009375000000000001
0 0.30972222222222223 0.38515625000000003 0.016666666666666666 0.009375000000000001
0 0.6569444444444444 0.382421875 0.019444444444444445 0.01015625
0 0.3680555555555556 0.271484375 0.016666666666666666 0.01015625
0 0.5208333333333334 0.389453125 0.016666666666666666 0.01015625
0 0.2868055555555556 0.25546875 0.015277777777777779 0.009375000000000001
0 0.3055555555555556 0.25703125 0.016666666666666666 0.009375000000000001
0 0.6479166666666667 0.38359375 0.018055555555555557 0.009375000000000001
0 0.5458333333333334 0.30390625000000004 0.019444444444444445 0.0125
0 0.41805555555555557 0.257421875 0.016666666666666666 0.01015625
0 0.6159722222222223 0.37109375 0.018055555555555557 0.0125
0 0.5694444444444444 0.36171875000000003 0.019444444444444445 0.010937500000000001
0 0.5944444444444444 0.34453125 0.019444444444444445 0.010937500000000001
0 0.49583333333333335 0.288671875 0.019444444444444445 0.01171875
0 0.4708333333333333 0.33359375 0.019444444444444445 0.010937500000000001
0 0.4444444444444445 0.31796875 0.019444444444444445 0.010937500000000001
0 0.33958333333333335 0.272265625 0.018055555555555557 0.01015625
0 0.38819444444444445 0.25859375 0.018055555555555557 0.009375000000000001
