0 0.6645833333333333 0.26171875 0.018055555555555557 0.009375000000000001
0 0.3145833333333333 0.390625 0.015277777777777779 0.009375000000000001
0 0.6541666666666667 0.26210937500000003 0.01388888888888889 0.00859375
0 0.28958333333333336 0.26210937500000003 0.018055555555555557 0.01015625
0 0.5243055555555556 0.39375000000000004 0.018055555555555557 0.010937500000000001
0 0.6458333333333334 0.38828125 0.019444444444444445 0.009375000000000001
0 0.5458333333333334 0.309375 0.019444444444444445 0.0125
0 0.36458333333333337 0.27734375 0.018055555555555557 0.009375000000000001
0 0.30069444444444443 0.38984375000000004 0.015277777777777779 0.009375000000000001
0 0.39166666666666666 0.262890625 0.019444444444444445 0.01015625
0 0.6597222222222222 0.38671875 0.019444444444444445 0.009375000000000001
0 0.3055555555555556 0.26210937500000003 0.019444444444444445 0.01015625
0 0.5944444444444444 0.350390625 0.019444444444444445 0.01015625
0 0.6166666666666667 0.37578125 0.016666666666666666 0.010937500000000001
0 0.41805555555555557 0.263671875 0.019444444444444445 0.01015625
0 0.49583333333333335 0.29335937500000003 0.019444444444444445 0.01171875
0 0.5694444444444444 0.366015625 0.019444444444444445 0.01015625
0 0.33958333333333335 0.27734375 0.018055555555555557 0.009375000000000001
0 0.4729166666666667 0.337890625 0.018055555555555557 0.01015625
0 0.44583333333333336 0.32343750000000004 0.019444444444444445 0.009375000000000001
