0 0.6604166666666667 0.39687500000000003 0.020833333333333336 0.009375000000000001
0 0.6583333333333333 0.27187500000000003 0.016666666666666666 0.009375000000000001
0 0.30208333333333337 0.39882812500000003 0.015277777777777779 0.00859375
0 0.6680555555555556 0.27109375 0.019444444444444445 0.009375000000000001
0 0.6506944444444445 0.39765625000000004 0.018055555555555557 0.009375000000000001
0 0.5256944444444445 0.40273437500000003 0.018055555555555557 0.01015625
0 0.49930555555555556 0.304296875 0.018055555555555557 0.01171875
0 0.37083333333333335 0.287109375 0.016666666666666666 0.01015625
0 0.29444444444444445 0.27109375 0.016666666666666666 0.009375000000000001
0 0.5493055555555556 0.318359375 0.018055555555555557 0.01171875
0 0.34444444444444444 0.287109375 0.019444444444444445 0.01015625
0 0.31319444444444444 0.27187500000000003 0.015277777777777779 0.009375000000000001
0 0.5972222222222222 0.359375 0.016666666666666666 0.010937500000000001
0 0.6194444444444445 0.38398437500000004 0.016666666666666666 0.01015625
0 0.42291666666666666 0.27382812500000003 0.018055555555555557 0.01015625
0 0.5722222222222223 0.37343750000000003 0.016666666666666666 0.010937500000000001
0 0.39583333333333337 0.27421875 0.019444444444444445 0.010937500000000001
0 0.4756944444444445 0.347265625 0.018055555555555557 0.01015625
0 0.45069444444444445 0.33359375 0.018055555555555557 0.010937500000000001
0 0.3215277777777778 0.398046875 0.015277777777777779 0.01015625
