0 0.6597222222222222 0.275 0.019444444444444445 0.009375000000000001
0 0.5256944444444445 0.40703125 0.018055555555555557 0.009375000000000001
0 0.6506944444444445 0.40078125000000003 0.018055555555555557 0.009375000000000001
0 0.6631944444444444 0.39921875 0.018055555555555557 0.009375000000000001
0 0.6666666666666667 0.27421875 0.019444444444444445 0.009375000000000001
0 0.29444444444444445 0.27421875 0.016666666666666666 0.009375000000000001
0 0.31180555555555556 0.274609375 0.018055555555555557 0.01015625
0 0.42291666666666666 0.2765625 0.018055555555555557 0.009375000000000001
0 0.39583333333333337 0.2765625 0.019444444444444445 0.0125
0 0.37222222222222223 0.291015625 0.016666666666666666 0.01015625
0 0.5506944444444445 0.321875 0.018055555555555557 0.0125
0 0.5993055555555555 0.362890625 0.018055555555555557 0.01015625
0 0.5722222222222223 0.378515625 0.016666666666666666 0.01015625
0 0.6194444444444445 0.388671875 0.016666666666666666 0.01171875
0 0.49930555555555556 0.30781250000000004 0.018055555555555557 0.0125
0 0.4756944444444445 0.350390625 0.018055555555555557 0.01015625
0 0.34444444444444444 0.291015625 0.019444444444444445 0.01015625
0 0.45069444444444445 0.33671875 0.018055555555555557 0.010937500000000001
0 0.3027777777777778 0.401953125 0.01388888888888889 0.01015625
0 0.32083333333333336 0.40351562500000004 0.01388888888888889 0.01015625
