0 0.5270833333333333 0.4140625 0.018055555555555557 0.009375000000000001
0 0.6583333333333333 0.28359375000000003 0.016666666666666666 0.009375000000000001
0 0.31180555555555556 0.41054687500000003 0.018055555555555557 0.01015625
0 0.6708333333333334 0.282421875 0.016666666666666666 0.01015625
0 0.37222222222222223 0.298828125 0.016666666666666666 0.01015625
0 0.29583333333333334 0.28359375000000003 0.016666666666666666 0.009375000000000001
0 0.6208333333333333 0.39609375 0.016666666666666666 0.010937500000000001
0 0.6006944444444444 0.37031250000000004 0.018055555555555557 0.010937500000000001
0 0.3145833333333333 0.283203125 0.018055555555555557 0.00859375
0 0.3472222222222222 0.29921875000000003 0.016666666666666666 0.010937500000000001
0 0.5006944444444444 0.31562500000000004 0.018055555555555557 0.010937500000000001
0 0.5506944444444445 0.32929687500000004 0.020833333333333336 0.01171875
0 0.6506944444444445 0.408203125 0.0125 0.01015625
0 0.4256944444444445 0.28554687500000003 0.018055555555555557 0.01015625
0 0.45069444444444445 0.343359375 0.018055555555555557 0.01015625
0 0.39583333333333337 0.28554687500000003 0.019444444444444445 0.01015625
0 0.4756944444444445 0.359375 0.018055555555555557 0.010937500000000001
0 0.5743055555555556 0.385546875 0.018055555555555557 0.01171875
0 0.6694444444444445 0.405078125 0.011111111111111112 0.00703125
