0 0.6638888888888889 0.40937500000000004 0.025 0.009375000000000001
0 0.6597222222222222 0.283203125 0.016666666666666666 0.00859375
0 0.3180555555555556 0.41171875 0.016666666666666666 0.009375000000000001
0 0.6729166666666667 0.283203125 0.018055555555555557 0.01015625
0 0.31180555555555556 0.41171875 0.018055555555555557 0.009375000000000001
0 0.5291666666666667 0.415625 0.019444444444444445 0.009375000000000001
0 0.2965277777777778 0.284375 0.015277777777777779 0.009375000000000001
0 0.5006944444444444 0.316015625 0.018055555555555557 0.01015625
0 0.3145833333333333 0.28554687500000003 0.015277777777777779 0.01015625
0 0.3493055555555556 0.300390625 0.018055555555555557 0.01015625
0 0.6208333333333333 0.39609375 0.016666666666666666 0.009375000000000001
0 0.37222222222222223 0.30117187500000003 0.016666666666666666 0.01015625
0 0.5520833333333334 0.33125000000000004 0.018055555555555557 0.0125
0 0.6541666666666667 0.41015625 0.016666666666666666 0.009375000000000001
0 0.6020833333333333 0.371875 0.018055555555555557 0.010937500000000001
0 0.4256944444444445 0.28671875 0.018055555555555557 0.010937500000000001
0 0.3993055555555556 0.286328125 0.018055555555555557 0.01015625
0 0.5756944444444445 0.38593750000000004 0.018055555555555557 0.010937500000000001
0 0.47708333333333336 0.35976562500000003 0.018055555555555557 0.01015625
0 0.45208333333333334 0.34609375000000003 0.018055555555555557 0.010937500000000001
