0 0.3215277777777778 0.416796875 0.015277777777777779 0.00859375
0 0.31319444444444444 0.41640625000000003 0.018055555555555557 0.009375000000000001
0 0.6680555555555556 0.412109375 0.019444444444444445 0.01015625
0 0.5291666666666667 0.419921875 0.019444444444444445 0.01015625
0 0.6645833333333333 0.287109375 0.018055555555555557 0.01015625
0 0.6708333333333334 0.287109375 0.016666666666666666 0.01015625
0 0.5006944444444444 0.32148437500000004 0.018055555555555557 0.01171875
0 0.6541666666666667 0.4140625 0.016666666666666666 0.009375000000000001
0 0.5541666666666667 0.335546875 0.019444444444444445 0.01171875
0 0.3145833333333333 0.28984375 0.018055555555555557 0.009375000000000001
0 0.29444444444444445 0.288671875 0.016666666666666666 0.00859375
0 0.37222222222222223 0.30507812500000003 0.016666666666666666 0.01015625
0 0.6006944444444444 0.37578125 0.018055555555555557 0.010937500000000001
0 0.4256944444444445 0.28984375 0.018055555555555557 0.009375000000000001
0 0.5756944444444445 0.39101562500000003 0.018055555555555557 0.01015625
0 0.3993055555555556 0.290625 0.018055555555555557 0.010937500000000001
0 0.6222222222222222 0.401171875 0.016666666666666666 0.01015625
0 0.4791666666666667 0.36484375 0.019444444444444445 0.010937500000000001
0 0.45208333333333334 0.350390625 0.018055555555555557 0.01015625
0 0.3472222222222222 0.30507812500000003 0.016666666666666666 0.01015625
