0 0.3104166666666667 0.419921875 0.018055555555555557 0.01015625
0 0.32083333333333336 0.41953125 0.016666666666666666 0.009375000000000001
0 0.5305555555555556 0.421875 0.016666666666666666 0.009375000000000001
0 0.5555555555555556 0.338671875 0.016666666666666666 0.01015625
0 0.6743055555555556 0.290234375 0.006944444444444445 0.00859375
0 0.6618055555555555 0.290234375 0.018055555555555557 0.00859375
0 0.6694444444444445 0.41484375 0.016666666666666666 0.009375000000000001
0 0.3993055555555556 0.29375 0.018055555555555557 0.010937500000000001
0 0.29791666666666666 0.2921875 0.015277777777777779 0.009375000000000001
0 0.42708333333333337 0.29335937500000003 0.018055555555555557 0.01171875
0 0.5041666666666667 0.32421875 0.016666666666666666 0.0125
0 0.6256944444444444 0.40156250000000004 0.018055555555555557 0.009375000000000001
0 0.6041666666666667 0.378515625 0.019444444444444445 0.01015625
0 0.5791666666666667 0.393359375 0.016666666666666666 0.01015625
0 0.31666666666666665 0.2921875 0.016666666666666666 0.009375000000000001
0 0.37222222222222223 0.30781250000000004 0.016666666666666666 0.009375000000000001
0 0.6555555555555556 0.41640625000000003 0.016666666666666666 0.009375000000000001
0 0.45416666666666666 0.353125 0.019444444444444445 0.010937500000000001
0 0.4791666666666667 0.36757812500000003 0.019444444444444445 0.01015625
0 0.3472222222222222 0.30781250000000004 0.016666666666666666 0.0125
