0 0.6729166666666667 0.28984375 0.018055555555555557 0.009375000000000001
0 0.3055555555555556 0.41953125 0.016666666666666666 0.009375000000000001
0 0.5305555555555556 0.42304687500000004 0.016666666666666666 0.01015625
0 0.6618055555555555 0.290234375 0.018055555555555557 0.00859375
0 0.5020833333333333 0.325 0.018055555555555557 0.010937500000000001
0 0.3979166666666667 0.294140625 0.018055555555555557 0.01015625
0 0.5534722222222223 0.338671875 0.018055555555555557 0.01015625
0 0.6694444444444445 0.415625 0.019444444444444445 0.009375000000000001
0 0.2965277777777778 0.2921875 0.015277777777777779 0.009375000000000001
0 0.4256944444444445 0.294140625 0.018055555555555557 0.01015625
0 0.6256944444444444 0.40156250000000004 0.018055555555555557 0.010937500000000001
0 0.6041666666666667 0.378515625 0.019444444444444445 0.01015625
0 0.3145833333333333 0.29296875 0.018055555555555557 0.009375000000000001
0 0.37222222222222223 0.30859375 0.016666666666666666 0.009375000000000001
0 0.6555555555555556 0.41718750000000004 0.016666666666666666 0.009375000000000001
0 0.5770833333333334 0.39492187500000003 0.018055555555555557 0.01015625
0 0.3479166666666667 0.30781250000000004 0.018055555555555557 0.010937500000000001
0 0.4791666666666667 0.36796875 0.019444444444444445 0.010937500000000001
0 0.45416666666666666 0.353515625 0.019444444444444445 0.01015625
0 0.32430555555555557 0.41953125 0.015277777777777779 0.009375000000000001
