0 0.31319444444444444 0.41875 0.018055555555555557 0.009375000000000001
0 0.30208333333333337 0.41953125 0.018055555555555557 0.009375000000000001
0 0.6645833333333333 0.28828125 0.018055555555555557 0.009375000000000001
0 0.5243055555555556 0.42031250000000003 0.018055555555555557 0.010937500000000001
0 0.6569444444444444 0.4140625 0.019444444444444445 0.009375000000000001
0 0.6534722222222222 0.288671875 0.015277777777777779 0.00859375
0 0.6472222222222223 0.41484375 0.011111111111111112 0.009375000000000001
0 0.5479166666666667 0.33671875 0.018055555555555557 0.010937500000000001
0 0.2868055555555556 0.290625 0.015277777777777779 0.009375000000000001
0 0.36319444444444443 0.30625 0.018055555555555557 0.010937500000000001
0 0.49444444444444446 0.32109375 0.019444444444444445 0.0125
0 0.30347222222222225 0.290234375 0.015277777777777779 0.01015625
0 0.6180555555555556 0.40234375 0.019444444444444445 0.0125
0 0.5958333333333333 0.376953125 0.019444444444444445 0.01171875
0 0.4166666666666667 0.291015625 0.019444444444444445 0.01015625
0 0.38958333333333334 0.291796875 0.018055555555555557 0.01171875
0 0.4708333333333333 0.366796875 0.019444444444444445 0.01171875
0 0.44583333333333336 0.35195312500000003 0.019444444444444445 0.01171875
0 0.5694444444444444 0.39375000000000004 0.019444444444444445 0.0125
0 0.33819444444444446 0.30585937500000004 0.018055555555555557 0.01015625
