0 0.28958333333333336 0.28046875 0.018055555555555557 0.009375000000000001
0 0.6444444444444445 0.280078125 0.016666666666666666 0.01015625
0 0.28958333333333336 0.41171875 0.018055555555555557 0.009375000000000001
0 0.6541666666666667 0.40703125 0.016666666666666666 0.009375000000000001
0 0.6569444444444444 0.27890625 0.01388888888888889 0.009375000000000001
0 0.40069444444444446 0.28164062500000003 0.018055555555555557 0.01015625
0 0.26944444444444443 0.28046875 0.016666666666666666 0.009375000000000001
0 0.48194444444444445 0.31367187500000004 0.019444444444444445 0.013281250000000001
0 0.5118055555555556 0.4140625 0.018055555555555557 0.010937500000000001
0 0.6395833333333334 0.408984375 0.018055555555555557 0.01015625
0 0.6069444444444445 0.39570312500000004 0.019444444444444445 0.01171875
0 0.37430555555555556 0.280859375 0.020833333333333336 0.01171875
0 0.5854166666666667 0.369140625 0.018055555555555557 0.01015625
0 0.3506944444444445 0.296484375 0.018055555555555557 0.01015625
0 0.43194444444444446 0.34296875000000004 0.019444444444444445 0.0125
0 0.5333333333333333 0.32656250000000003 0.019444444444444445 0.0125
0 0.32083333333333336 0.296875 0.019444444444444445 0.010937500000000001
0 0.5583333333333333 0.38593750000000004 0.019444444444444445 0.0125
0 0.4569444444444445 0.35781250000000003 0.019444444444444445 0.010937500000000001
