0 0.6479166666666667 0.278125 0.018055555555555557 0.009375000000000001
0 0.6583333333333333 0.2765625 0.016666666666666666 0.009375000000000001
0 0.28958333333333336 0.27890625 0.018055555555555557 0.009375000000000001
0 0.28958333333333336 0.41132812500000004 0.018055555555555557 0.01015625
0 0.6569444444444444 0.40546875000000004 0.01388888888888889 0.009375000000000001
0 0.5118055555555556 0.413671875 0.018055555555555557 0.01015625
0 0.26944444444444443 0.278125 0.016666666666666666 0.009375000000000001
0 0.6104166666666667 0.39492187500000003 0.018055555555555557 0.01015625
0 0.40208333333333335 0.279296875 0.018055555555555557 0.01015625
0 0.6395833333333334 0.40859375000000003 0.018055555555555557 0.009375000000000001
0 0.37569444444444444 0.280078125 0.018055555555555557 0.01171875
0 0.3506944444444445 0.295703125 0.018055555555555557 0.01015625
0 0.48333333333333334 0.31171875000000004 0.019444444444444445 0.0125
0 0.5868055555555556 0.36796875 0.018055555555555557 0.0125
0 0.5604166666666667 0.38398437500000004 0.018055555555555557 0.01171875
0 0.3229166666666667 0.294921875 0.018055555555555557 0.01015625
0 0.5354166666666667 0.326171875 0.018055555555555557 0.01171875
0 0.43194444444444446 0.341796875 0.019444444444444445 0.01171875
0 0.45833333333333337 0.35664062500000004 0.019444444444444445 0.01015625
