0 0.2916666666666667 0.25859375 0.036111111111111115 0.009375000000000001
0 0.6756944444444445 0.39375000000000004 0.015277777777777779 0.010937500000000001
0 0.2916666666666667 0.39570312500000004 0.016666666666666666 0.01015625
0 0.6819444444444445 0.2609375 0.016666666666666666 0.009375000000000001
0 0.6666666666666667 0.26210937500000003 0.016666666666666666 0.01015625
0 0.30069444444444443 0.259375 0.018055555555555557 0.009375000000000001
0 0.3041666666666667 0.39570312500000004 0.016666666666666666 0.01015625
0 0.36319444444444443 0.27578125000000003 0.018055555555555557 0.009375000000000001
0 0.28194444444444444 0.25820312500000003 0.016666666666666666 0.00859375
0 0.5541666666666667 0.30898437500000003 0.019444444444444445 0.013281250000000001
0 0.5243055555555556 0.39960937500000004 0.018055555555555557 0.01015625
0 0.6041666666666667 0.35468750000000004 0.019444444444444445 0.0125
0 0.41805555555555557 0.260546875 0.019444444444444445 0.01015625
0 0.6256944444444444 0.38320312500000003 0.018055555555555557 0.01171875
0 0.38819444444444445 0.2609375 0.020833333333333336 0.0125
0 0.49930555555555556 0.294921875 0.020833333333333336 0.013281250000000001
0 0.3354166666666667 0.276171875 0.018055555555555557 0.01015625
0 0.44583333333333336 0.32539062500000004 0.019444444444444445 0.01015625
0 0.4743055555555556 0.34023437500000003 0.020833333333333336 0.01171875
0 0.5743055555555556 0.37031250000000004 0.018055555555555557 0.0125
0 0.6534722222222222 0.39609375 0.0125 0.009375000000000001
