0 0.7680555555555556 0.256640625 0.016666666666666666 0.01015625
0 0.40069444444444446 0.27109375 0.018055555555555557 0.009375000000000001
0 0.36944444444444446 0.39921875 0.019444444444444445 0.009375000000000001
0 0.7569444444444444 0.25820312500000003 0.016666666666666666 0.01015625
0 0.7520833333333333 0.398046875 0.018055555555555557 0.01015625
0 0.3541666666666667 0.398046875 0.019444444444444445 0.01015625
0 0.49444444444444446 0.257421875 0.016666666666666666 0.01015625
0 0.6020833333333333 0.40156250000000004 0.018055555555555557 0.010937500000000001
0 0.6333333333333333 0.30898437500000003 0.019444444444444445 0.013281250000000001
0 0.7395833333333334 0.4 0.018055555555555557 0.009375000000000001
0 0.6569444444444444 0.373046875 0.019444444444444445 0.01015625
0 0.46319444444444446 0.25625000000000003 0.020833333333333336 0.0125
0 0.5784722222222223 0.29140625000000003 0.020833333333333336 0.0125
0 0.6854166666666667 0.35585937500000003 0.018055555555555557 0.01171875
0 0.36944444444444446 0.25429687500000003 0.016666666666666666 0.01015625
0 0.43333333333333335 0.271484375 0.019444444444444445 0.01171875
0 0.7069444444444445 0.385546875 0.019444444444444445 0.01015625
0 0.5194444444444445 0.32460937500000003 0.019444444444444445 0.01171875
0 0.5479166666666667 0.341796875 0.018055555555555557 0.01171875
0 0.34444444444444444 0.253515625 0.019444444444444445 0.01015625
