0 0.7583333333333334 0.264453125 0.019444444444444445 0.01015625
0 0.3493055555555556 0.40859375000000003 0.018055555555555557 0.009375000000000001
0 0.5881944444444445 0.41640625000000003 0.018055555555555557 0.0125
0 0.7465277777777778 0.40703125 0.015277777777777779 0.009375000000000001
0 0.33333333333333337 0.40859375000000003 0.019444444444444445 0.009375000000000001
0 0.7430555555555556 0.265625 0.016666666666666666 0.009375000000000001
0 0.32430555555555557 0.2609375 0.018055555555555557 0.009375000000000001
0 0.4756944444444445 0.265625 0.020833333333333336 0.0125
0 0.7270833333333334 0.41054687500000003 0.018055555555555557 0.01015625
0 0.41458333333333336 0.28046875 0.018055555555555557 0.0125
0 0.3493055555555556 0.26210937500000003 0.018055555555555557 0.01015625
0 0.4444444444444445 0.26406250000000003 0.019444444444444445 0.0125
0 0.3819444444444445 0.28046875 0.019444444444444445 0.009375000000000001
0 0.5631944444444444 0.30234375 0.02638888888888889 0.015625
0 0.6194444444444445 0.318359375 0.022222222222222223 0.013281250000000001
0 0.6944444444444444 0.39609375 0.019444444444444445 0.0125
0 0.6743055555555556 0.366796875 0.020833333333333336 0.013281250000000001
0 0.5034722222222222 0.33515625000000004 0.020833333333333336 0.0125
0 0.5319444444444444 0.35078125000000004 0.019444444444444445 0.0125
0 0.6430555555555556 0.3828125 0.019444444444444445 0.0125
