0 0.21944444444444444 0.40273437500000003 0.016666666666666666 0.01015625
0 0.23958333333333334 0.40390625 0.018055555555555557 0.009375000000000001
0 0.7006944444444445 0.23593750000000002 0.018055555555555557 0.010937500000000001
0 0.22708333333333333 0.23750000000000002 0.018055555555555557 0.010937500000000001
0 0.19722222222222224 0.23671875 0.016666666666666666 0.009375000000000001
0 0.3680555555555556 0.23945312500000002 0.025 0.014843750000000001
0 0.33194444444444443 0.240625 0.025 0.0140625
0 0.6916666666666667 0.39882812500000003 0.016666666666666666 0.01015625
0 0.5055555555555555 0.41015625 0.019444444444444445 0.0125
0 0.6770833333333334 0.23789062500000002 0.018055555555555557 0.01015625
0 0.30069444444444443 0.258984375 0.020833333333333336 0.013281250000000001
0 0.26805555555555555 0.259375 0.022222222222222223 0.0125
0 0.6666666666666667 0.401171875 0.019444444444444445 0.01015625
0 0.6006944444444444 0.353125 0.020833333333333336 0.0140625
0 0.5388888888888889 0.298828125 0.025 0.014843750000000001
0 0.4708333333333333 0.27968750000000003 0.025 0.015625
0 0.6305555555555555 0.3875 0.022222222222222223 0.0140625
0 0.5694444444444444 0.373046875 0.025 0.014843750000000001
0 0.4416666666666667 0.337890625 0.025 0.014843750000000001
0 0.40694444444444444 0.319921875 0.022222222222222223 0.013281250000000001
