0 0.20694444444444446 0.405859375 0.016666666666666666 0.01015625
0 0.22708333333333333 0.408203125 0.018055555555555557 0.01015625
0 0.21041666666666667 0.23593750000000002 0.018055555555555557 0.010937500000000001
0 0.6979166666666667 0.23554687500000002 0.018055555555555557 0.01171875
0 0.18194444444444446 0.23671875 0.016666666666666666 0.009375000000000001
0 0.3194444444444445 0.240234375 0.022222222222222223 0.014843750000000001
0 0.35347222222222224 0.23984375000000002 0.02638888888888889 0.015625
0 0.49583333333333335 0.4140625 0.019444444444444445 0.0125
0 0.6868055555555556 0.40156250000000004 0.018055555555555557 0.010937500000000001
0 0.2520833333333333 0.26015625000000003 0.020833333333333336 0.0125
0 0.6722222222222223 0.23789062500000002 0.016666666666666666 0.01015625
0 0.2868055555555556 0.26015625000000003 0.020833333333333336 0.0125
0 0.5944444444444444 0.35546875 0.022222222222222223 0.0125
0 0.4618055555555556 0.28125 0.029166666666666667 0.0171875
0 0.5319444444444444 0.299609375 0.025 0.014843750000000001
0 0.6631944444444444 0.40468750000000003 0.018055555555555557 0.010937500000000001
0 0.5638888888888889 0.37539062500000003 0.025 0.014843750000000001
0 0.6256944444444444 0.38984375000000004 0.020833333333333336 0.0125
0 0.3944444444444445 0.321875 0.022222222222222223 0.0140625
0 0.4291666666666667 0.340625 0.025 0.0140625
