0 0.7131944444444445 0.409765625 0.043055555555555555 0.01015625
0 0.25069444444444444 0.413671875 0.018055555555555557 0.01015625
0 0.22847222222222224 0.412109375 0.015277777777777779 0.01015625
0 0.23333333333333334 0.240625 0.019444444444444445 0.0125
0 0.7354166666666667 0.23593750000000002 0.018055555555555557 0.010937500000000001
0 0.2777777777777778 0.263671875 0.022222222222222223 0.013281250000000001
0 0.7118055555555556 0.238671875 0.018055555555555557 0.01171875
0 0.5284722222222222 0.419921875 0.02361111111111111 0.014843750000000001
0 0.7256944444444444 0.40742187500000004 0.018055555555555557 0.01015625
0 0.20555555555555557 0.237109375 0.016666666666666666 0.01015625
0 0.38333333333333336 0.242578125 0.025 0.014843750000000001
0 0.3458333333333333 0.24296875 0.025 0.015625
0 0.5631944444444444 0.30390625000000004 0.02361111111111111 0.015625
0 0.7006944444444445 0.41132812500000004 0.018055555555555557 0.01171875
0 0.6583333333333333 0.39570312500000004 0.025 0.014843750000000001
0 0.31319444444444444 0.263671875 0.020833333333333336 0.013281250000000001
0 0.4222222222222222 0.326171875 0.025 0.014843750000000001
0 0.5944444444444444 0.381640625 0.025 0.014843750000000001
0 0.4930555555555556 0.283984375 0.030555555555555558 0.01640625
0 0.6305555555555555 0.36015625 0.025 0.0140625
0 0.4604166666666667 0.345703125 0.02638888888888889 0.014843750000000001
