0 0.7347222222222223 0.23750000000000002 0.03888888888888889 0.010937500000000001
0 0.23958333333333334 0.412109375 0.018055555555555557 0.01015625
0 0.25972222222222224 0.4140625 0.016666666666666666 0.010937500000000001
0 0.7256944444444444 0.238671875 0.018055555555555557 0.01171875
0 0.21458333333333335 0.237109375 0.018055555555555557 0.01015625
0 0.32222222222222224 0.26210937500000003 0.022222222222222223 0.013281250000000001
0 0.7381944444444445 0.40859375000000003 0.015277777777777779 0.010937500000000001
0 0.24305555555555555 0.23945312500000002 0.019444444444444445 0.01171875
0 0.3944444444444445 0.24179687500000002 0.02777777777777778 0.014843750000000001
0 0.7493055555555556 0.23593750000000002 0.018055555555555557 0.010937500000000001
0 0.35694444444444445 0.24140625000000002 0.02777777777777778 0.015625
0 0.2881944444444445 0.26210937500000003 0.02361111111111111 0.013281250000000001
0 0.7131944444444445 0.41250000000000003 0.018055555555555557 0.010937500000000001
0 0.5395833333333333 0.421875 0.020833333333333336 0.0125
0 0.6729166666666667 0.39687500000000003 0.02361111111111111 0.0140625
0 0.43333333333333335 0.326953125 0.025 0.014843750000000001
0 0.5756944444444445 0.30390625000000004 0.02638888888888889 0.015625
0 0.46944444444444444 0.34609375000000003 0.02777777777777778 0.015625
0 0.5055555555555555 0.284765625 0.030555555555555558 0.017968750000000002
0 0.6430555555555556 0.361328125 0.025 0.014843750000000001
0 0.6090277777777778 0.38320312500000003 0.02638888888888889 0.014843750000000001
