0 0.24444444444444446 0.412109375 0.019444444444444445 0.01015625
0 0.26458333333333334 0.412890625 0.018055555555555557 0.01015625
0 0.7555555555555555 0.234765625 0.019444444444444445 0.01015625
0 0.24930555555555556 0.23671875 0.018055555555555557 0.0125
0 0.7444444444444445 0.40664062500000003 0.016666666666666666 0.01015625
0 0.7319444444444445 0.23750000000000002 0.019444444444444445 0.0125
0 0.6784722222222223 0.39609375 0.020833333333333336 0.0140625
0 0.22083333333333335 0.236328125 0.016666666666666666 0.01015625
0 0.5458333333333334 0.419921875 0.022222222222222223 0.013281250000000001
0 0.36319444444444443 0.23984375000000002 0.02638888888888889 0.015625
0 0.2923611111111111 0.2609375 0.02361111111111111 0.0125
0 0.40069444444444446 0.23984375000000002 0.02638888888888889 0.015625
0 0.33055555555555555 0.26171875 0.019444444444444445 0.0125
0 0.5819444444444445 0.30078125 0.02777777777777778 0.015625
0 0.5118055555555556 0.28359375000000003 0.029166666666666667 0.0171875
0 0.44097222222222227 0.32460937500000003 0.02638888888888889 0.014843750000000001
0 0.7180555555555556 0.41132812500000004 0.019444444444444445 0.01171875
0 0.6486111111111111 0.35976562500000003 0.025 0.014843750000000001
0 0.4756944444444445 0.34453125 0.02638888888888889 0.015625
0 0.6152777777777778 0.38125000000000003 0.025 0.0140625
