0 0.7756944444444445 0.24179687500000002 0.04027777777777778 0.01171875
0 0.30208333333333337 0.41640625000000003 0.018055555555555557 0.009375000000000001
0 0.2868055555555556 0.24375000000000002 0.018055555555555557 0.010937500000000001
0 0.5791666666666667 0.42421875000000003 0.022222222222222223 0.0125
0 0.28055555555555556 0.41523437500000004 0.016666666666666666 0.01015625
0 0.25833333333333336 0.24296875 0.016666666666666666 0.010937500000000001
0 0.43819444444444444 0.24609375 0.02638888888888889 0.015625
0 0.7868055555555555 0.240234375 0.018055555555555557 0.01171875
0 0.6798611111111111 0.36484375 0.02361111111111111 0.0140625
0 0.3993055555555556 0.24765625000000002 0.029166666666666667 0.015625
0 0.36597222222222225 0.266796875 0.020833333333333336 0.013281250000000001
0 0.7631944444444445 0.242578125 0.018055555555555557 0.01171875
0 0.5444444444444445 0.28945312500000003 0.02777777777777778 0.01640625
0 0.33194444444444443 0.266796875 0.022222222222222223 0.013281250000000001
0 0.7083333333333334 0.39921875 0.022222222222222223 0.0125
0 0.7722222222222223 0.41132812500000004 0.016666666666666666 0.01015625
0 0.7458333333333333 0.415625 0.019444444444444445 0.010937500000000001
0 0.5118055555555556 0.34921875 0.02638888888888889 0.015625
0 0.6145833333333334 0.30703125000000003 0.02638888888888889 0.015625
0 0.6444444444444445 0.384765625 0.025 0.014843750000000001
0 0.4756944444444445 0.330078125 0.02638888888888889 0.014843750000000001
