0 0.7826388888888889 0.24921875000000002 0.0375 0.010937500000000001
0 0.28958333333333336 0.42031250000000003 0.015277777777777779 0.009375000000000001
0 0.29930555555555555 0.24921875000000002 0.018055555555555557 0.009375000000000001
0 0.7708333333333334 0.25 0.019444444444444445 0.010937500000000001
0 0.31180555555555556 0.421484375 0.018055555555555557 0.01015625
0 0.7819444444444444 0.41484375 0.016666666666666666 0.009375000000000001
0 0.7930555555555556 0.24726562500000002 0.019444444444444445 0.01015625
0 0.5868055555555556 0.42890625000000004 0.018055555555555557 0.0125
0 0.27083333333333337 0.24921875000000002 0.016666666666666666 0.009375000000000001
0 0.7541666666666667 0.41914062500000004 0.019444444444444445 0.01015625
0 0.34305555555555556 0.27265625 0.019444444444444445 0.0125
0 0.44722222222222224 0.252734375 0.025 0.014843750000000001
0 0.5548611111111111 0.294921875 0.02638888888888889 0.01640625
0 0.6881944444444444 0.369921875 0.020833333333333336 0.013281250000000001
0 0.7159722222222222 0.404296875 0.02361111111111111 0.014843750000000001
0 0.3770833333333333 0.27421875 0.020833333333333336 0.0125
0 0.4118055555555556 0.25429687500000003 0.02638888888888889 0.014843750000000001
0 0.4847222222222222 0.335546875 0.025 0.014843750000000001
0 0.6236111111111111 0.31289062500000003 0.025 0.014843750000000001
0 0.6534722222222222 0.38984375000000004 0.02361111111111111 0.0125
0 0.5194444444444445 0.35468750000000004 0.02777777777777778 0.015625
