0 0.29444444444444445 0.42265625 0.016666666666666666 0.009375000000000001
0 0.3041666666666667 0.252734375 0.016666666666666666 0.01015625
0 0.5881944444444445 0.43046875 0.020833333333333336 0.0125
0 0.34652777777777777 0.276171875 0.02361111111111111 0.013281250000000001
0 0.7805555555555556 0.41718750000000004 0.016666666666666666 0.009375000000000001
0 0.3159722222222222 0.42304687500000004 0.015277777777777779 0.01015625
0 0.7166666666666667 0.405859375 0.022222222222222223 0.013281250000000001
0 0.27708333333333335 0.251953125 0.018055555555555557 0.01015625
0 0.7534722222222222 0.421875 0.018055555555555557 0.010937500000000001
0 0.7694444444444445 0.253515625 0.019444444444444445 0.01015625
0 0.7930555555555556 0.251171875 0.016666666666666666 0.01171875
0 0.45069444444444445 0.257421875 0.02361111111111111 0.014843750000000001
0 0.4861111111111111 0.33710937500000004 0.025 0.014843750000000001
0 0.4138888888888889 0.257421875 0.025 0.014843750000000001
0 0.6243055555555556 0.315234375 0.02361111111111111 0.013281250000000001
0 0.3819444444444445 0.2765625 0.022222222222222223 0.0125
0 0.6881944444444444 0.37148437500000003 0.02361111111111111 0.014843750000000001
0 0.5569444444444445 0.29765625 0.02777777777777778 0.0171875
0 0.6541666666666667 0.39140625 0.022222222222222223 0.0140625
0 0.5215277777777778 0.357421875 0.02638888888888889 0.014843750000000001
