0 0.7881944444444444 0.24960937500000002 0.018055555555555557 0.01015625
0 0.28958333333333336 0.421875 0.015277777777777779 0.009375000000000001
0 0.31319444444444444 0.42265625 0.015277777777777779 0.009375000000000001
0 0.5833333333333334 0.42890625000000004 0.019444444444444445 0.0125
0 0.29930555555555555 0.25429687500000003 0.018055555555555557 0.01015625
0 0.4444444444444445 0.256640625 0.022222222222222223 0.014843750000000001
0 0.7743055555555556 0.41718750000000004 0.018055555555555557 0.010937500000000001
0 0.6819444444444445 0.371875 0.022222222222222223 0.0140625
0 0.3416666666666667 0.2765625 0.022222222222222223 0.0125
0 0.27222222222222225 0.251953125 0.016666666666666666 0.01015625
0 0.7631944444444445 0.251953125 0.018055555555555557 0.01015625
0 0.48194444444444445 0.3375 0.02777777777777778 0.0140625
0 0.7104166666666667 0.405859375 0.020833333333333336 0.013281250000000001
0 0.7493055555555556 0.42031250000000003 0.018055555555555557 0.010937500000000001
0 0.5506944444444445 0.29765625 0.029166666666666667 0.015625
0 0.4083333333333333 0.257421875 0.025 0.014843750000000001
0 0.6493055555555556 0.39179687500000004 0.02361111111111111 0.013281250000000001
0 0.37569444444444444 0.27734375 0.020833333333333336 0.0125
0 0.5145833333333334 0.35585937500000003 0.02638888888888889 0.014843750000000001
0 0.6180555555555556 0.31640625 0.025 0.015625
