0 0.27569444444444446 0.423828125 0.015277777777777779 0.01015625
0 0.7680555555555556 0.252734375 0.016666666666666666 0.01171875
0 0.7541666666666667 0.419921875 0.019444444444444445 0.01015625
0 0.29444444444444445 0.42421875000000003 0.016666666666666666 0.010937500000000001
0 0.28194444444444444 0.255859375 0.016666666666666666 0.01015625
0 0.2555555555555556 0.25546875 0.016666666666666666 0.009375000000000001
0 0.5631944444444444 0.43125 0.018055555555555557 0.0125
0 0.42430555555555555 0.258984375 0.020833333333333336 0.013281250000000001
0 0.32430555555555557 0.279296875 0.020833333333333336 0.01171875
0 0.3902777777777778 0.259765625 0.025 0.014843750000000001
0 0.7444444444444445 0.255859375 0.019444444444444445 0.01171875
0 0.5319444444444444 0.299609375 0.02777777777777778 0.01640625
0 0.35833333333333334 0.27890625 0.019444444444444445 0.0125
0 0.5972222222222222 0.319921875 0.025 0.014843750000000001
0 0.7305555555555556 0.42226562500000003 0.019444444444444445 0.01015625
0 0.4638888888888889 0.33984375 0.025 0.015625
0 0.6916666666666667 0.408203125 0.022222222222222223 0.013281250000000001
0 0.6611111111111111 0.373828125 0.025 0.014843750000000001
0 0.49583333333333335 0.35859375000000004 0.025 0.015625
0 0.6305555555555555 0.39375000000000004 0.025 0.0140625
