0 0.3805555555555556 0.26875 0.05555555555555556 0.0140625
0 0.25416666666666665 0.429296875 0.016666666666666666 0.01015625
0 0.27083333333333337 0.43046875 0.016666666666666666 0.009375000000000001
0 0.7416666666666667 0.2609375 0.016666666666666666 0.010937500000000001
0 0.36319444444444443 0.26875 0.02361111111111111 0.0140625
0 0.39583333333333337 0.26796875000000003 0.022222222222222223 0.0140625
0 0.5368055555555555 0.43789062500000003 0.02361111111111111 0.014843750000000001
0 0.7180555555555556 0.263671875 0.016666666666666666 0.01015625
0 0.6020833333333333 0.400390625 0.02361111111111111 0.014843750000000001
0 0.5694444444444444 0.32656250000000003 0.025 0.0140625
0 0.7055555555555556 0.429296875 0.016666666666666666 0.01015625
0 0.6347222222222223 0.380859375 0.022222222222222223 0.013281250000000001
0 0.6666666666666667 0.41484375 0.022222222222222223 0.0125
0 0.33194444444444443 0.28828125 0.022222222222222223 0.0125
0 0.4361111111111111 0.347265625 0.025 0.014843750000000001
0 0.7305555555555556 0.425390625 0.016666666666666666 0.01015625
0 0.5020833333333333 0.30781250000000004 0.029166666666666667 0.0171875
0 0.46944444444444444 0.365234375 0.02777777777777778 0.014843750000000001
0 0.22847222222222224 0.263671875 0.015277777777777779 0.01015625
0 0.25833333333333336 0.26406250000000003 0.016666666666666666 0.0125
0 0.2972222222222222 0.28671875 0.019444444444444445 0.0171875
