0 0.2791666666666667 0.283203125 0.019444444444444445 0.01171875
0 0.24166666666666667 0.42695312500000004 0.019444444444444445 0.01015625
0 0.2569444444444445 0.42734375 0.016666666666666666 0.009375000000000001
0 0.31319444444444444 0.28671875 0.020833333333333336 0.0125
0 0.21666666666666667 0.2625 0.016666666666666666 0.009375000000000001
0 0.7243055555555555 0.259765625 0.018055555555555557 0.01015625
0 0.23819444444444446 0.26210937500000003 0.015277777777777779 0.01015625
0 0.7145833333333333 0.42500000000000004 0.018055555555555557 0.010937500000000001
0 0.6993055555555556 0.26210937500000003 0.018055555555555557 0.01171875
0 0.3791666666666667 0.265625 0.025 0.0140625
0 0.3423611111111111 0.26640625 0.02361111111111111 0.0140625
0 0.6895833333333333 0.42734375 0.018055555555555557 0.009375000000000001
0 0.5194444444444445 0.43593750000000003 0.022222222222222223 0.0125
0 0.6194444444444445 0.37929687500000003 0.025 0.014843750000000001
0 0.6486111111111111 0.412890625 0.025 0.014843750000000001
0 0.41944444444444445 0.345703125 0.022222222222222223 0.013281250000000001
0 0.5520833333333334 0.325 0.02638888888888889 0.015625
0 0.5868055555555556 0.39921875 0.02361111111111111 0.0140625
0 0.48333333333333334 0.30625 0.02777777777777778 0.0171875
0 0.4527777777777778 0.36445312500000004 0.025 0.014843750000000001
