0 0.6015625 0.8215277777777779 0.009375000000000001 0.018055555555555557
0 0.6000000000000001 0.8444444444444444 0.009375000000000001 0.016666666666666666
0 0.53046875 0.4416666666666667 0.0078125 0.01388888888888889
0 0.532421875 0.41944444444444445 0.00859375 0.016666666666666666
0 0.6488281250000001 0.46319444444444446 0.00859375 0.015277777777777779
0 0.645703125 0.48333333333333334 0.00859375 0.016666666666666666
0 0.484375 0.7819444444444444 0.0078125 0.01388888888888889
0 0.486328125 0.7597222222222223 0.00859375 0.016666666666666666
0 0.505859375 0.7104166666666667 0.00859375 0.015277777777777779
0 0.583984375 0.6208333333333333 0.00859375 0.016666666666666666
0 0.6351562500000001 0.5666666666666667 0.009375000000000001 0.016666666666666666
0 0.61328125 0.5090277777777777 0.009375000000000001 0.018055555555555557
0 0.6238281250000001 0.5381944444444444 0.00859375 0.018055555555555557
0 0.49062500000000003 0.7291666666666667 0.0078125 0.016666666666666666
0 0.521875 0.6923611111111111 0.0078125 0.015277777777777779
0 0.6019531250000001 0.6041666666666667 0.00859375 0.016666666666666666
0 0.568359375 0.6402777777777778 0.00859375 0.016666666666666666
0 0.6175781250000001 0.5868055555555556 0.00859375 0.015277777777777779
0 0.552734375 0.6569444444444444 0.00859375 0.016666666666666666
0 0.537109375 0.6736111111111112 0.00859375 0.016666666666666666
