0 0.6019531250000001 0.5736111111111112 0.01171875 0.019444444444444445
0 0.467578125 0.7958333333333334 0.00859375 0.016666666666666666
0 0.6136718750000001 0.49444444444444446 0.01015625 0.016666666666666666
0 0.614453125 0.47222222222222227 0.00859375 0.016666666666666666
0 0.496875 0.46944444444444444 0.009375000000000001 0.019444444444444445
0 0.586328125 0.8381944444444445 0.01015625 0.018055555555555557
0 0.49765625 0.4479166666666667 0.0078125 0.015277777777777779
0 0.5300781250000001 0.6805555555555556 0.00859375 0.016666666666666666
0 0.46640625 0.8166666666666667 0.009375000000000001 0.016666666666666666
0 0.584375 0.8597222222222223 0.009375000000000001 0.016666666666666666
0 0.590234375 0.5972222222222222 0.00859375 0.016666666666666666
0 0.58203125 0.5222222222222223 0.009375000000000001 0.016666666666666666
0 0.5007812500000001 0.7194444444444444 0.009375000000000001 0.016666666666666666
0 0.470703125 0.7631944444444445 0.00859375 0.018055555555555557
0 0.5945312500000001 0.5493055555555556 0.009375000000000001 0.015277777777777779
0 0.515625 0.7006944444444445 0.0078125 0.018055555555555557
0 0.48554687500000004 0.7430555555555556 0.00859375 0.016666666666666666
0 0.544921875 0.6597222222222222 0.00859375 0.016666666666666666
0 0.60703125 0.5777777777777778 0.009375000000000001 0.016666666666666666
0 0.57578125 0.6194444444444445 0.009375000000000001 0.016666666666666666
0 0.560546875 0.6402777777777778 0.00859375 0.016666666666666666
