0 0.448828125 0.8694444444444445 0.00859375 0.016666666666666666
0 0.44062500000000004 0.49444444444444446 0.0078125 0.016666666666666666
0 0.555078125 0.48194444444444445 0.00859375 0.016666666666666666
0 0.440234375 0.5145833333333334 0.00859375 0.015277777777777779
0 0.566796875 0.8541666666666667 0.00859375 0.016666666666666666
0 0.470703125 0.7645833333333334 0.00859375 0.015277777777777779
0 0.495703125 0.7166666666666667 0.00859375 0.016666666666666666
0 0.45820312500000004 0.7902777777777779 0.00859375 0.016666666666666666
0 0.48281250000000003 0.7416666666666667 0.0078125 0.016666666666666666
0 0.566796875 0.8756944444444444 0.00859375 0.018055555555555557
0 0.53125 0.5416666666666667 0.009375000000000001 0.016666666666666666
0 0.555859375 0.5034722222222222 0.00859375 0.015277777777777779
0 0.520703125 0.6645833333333333 0.00859375 0.015277777777777779
0 0.533203125 0.6402777777777778 0.00859375 0.016666666666666666
0 0.44648437500000004 0.8145833333333333 0.00859375 0.015277777777777779
0 0.448828125 0.8493055555555555 0.00859375 0.015277777777777779
0 0.508203125 0.6916666666666667 0.00859375 0.016666666666666666
0 0.54609375 0.6131944444444445 0.009375000000000001 0.015277777777777779
0 0.543359375 0.5652777777777778 0.00859375 0.016666666666666666
0 0.5593750000000001 0.5881944444444445 0.009375000000000001 0.018055555555555557
