0 0.55 0.5097222222222222 0.010937500000000001 0.02777777777777778
0 0.538671875 0.8895833333333334 0.013281250000000001 0.020833333333333336
0 0.55 0.4986111111111111 0.010937500000000001 0.019444444444444445
0 0.6687500000000001 0.8930555555555556 0.015625 0.02777777777777778
0 0.679296875 0.5131944444444445 0.013281250000000001 0.020833333333333336
0 0.6296875000000001 0.6965277777777779 0.010937500000000001 0.020833333333333336
0 0.540234375 0.8333333333333334 0.01171875 0.022222222222222223
0 0.598828125 0.7409722222222223 0.01171875 0.020833333333333336
0 0.6683593750000001 0.9173611111111112 0.014843750000000001 0.02361111111111111
0 0.679296875 0.5381944444444444 0.013281250000000001 0.020833333333333336
0 0.61640625 0.7194444444444444 0.010937500000000001 0.019444444444444445
0 0.6625000000000001 0.6493055555555556 0.0125 0.020833333333333336
0 0.64765625 0.6736111111111112 0.0125 0.022222222222222223
0 0.5484375 0.5222222222222223 0.010937500000000001 0.019444444444444445
0 0.6468750000000001 0.5694444444444444 0.0125 0.022222222222222223
0 0.6605468750000001 0.5993055555555555 0.01171875 0.020833333333333336
0 0.676953125 0.6256944444444444 0.01171875 0.020833333333333336
0 0.539453125 0.8694444444444445 0.01171875 0.019444444444444445
0 0.583984375 0.7645833333333334 0.01171875 0.020833333333333336
0 0.56953125 0.7881944444444444 0.010937500000000001 0.020833333333333336
0 0.5554687500000001 0.8118055555555556 0.010937500000000001 0.020833333333333336
