0 0.8328125000000001 0.9180555555555556 0.009375000000000001 0.036111111111111115
0 0.710546875 0.5298611111111111 0.01015625 0.020833333333333336
0 0.84296875 0.5520833333333334 0.009375000000000001 0.018055555555555557
0 0.703125 0.9111111111111111 0.010937500000000001 0.016666666666666666
0 0.84296875 0.5319444444444444 0.009375000000000001 0.019444444444444445
0 0.833984375 0.9069444444444444 0.01015625 0.019444444444444445
0 0.7039062500000001 0.8569444444444445 0.009375000000000001 0.019444444444444445
0 0.7113281250000001 0.5208333333333334 0.01015625 0.019444444444444445
0 0.7039062500000001 0.8895833333333334 0.009375000000000001 0.018055555555555557
0 0.79453125 0.7131944444444445 0.009375000000000001 0.018055555555555557
0 0.710546875 0.5444444444444445 0.01015625 0.016666666666666666
0 0.82578125 0.6166666666666667 0.009375000000000001 0.019444444444444445
0 0.8406250000000001 0.6395833333333334 0.009375000000000001 0.018055555555555557
0 0.833203125 0.9291666666666667 0.01015625 0.019444444444444445
0 0.8093750000000001 0.6902777777777778 0.009375000000000001 0.016666666666666666
0 0.7488281250000001 0.7854166666666667 0.01015625 0.018055555555555557
0 0.8246093750000001 0.6659722222222223 0.01015625 0.018055555555555557
0 0.8113281250000001 0.5881944444444445 0.01015625 0.020833333333333336
0 0.7195312500000001 0.8340277777777778 0.009375000000000001 0.018055555555555557
0 0.73359375 0.8104166666666667 0.009375000000000001 0.018055555555555557
0 0.7644531250000001 0.7597222222222223 0.00859375 0.016666666666666666
0 0.77890625 0.7381944444444445 0.009375000000000001 0.018055555555555557
