0 0.693359375 0.6944444444444444 0.01171875 0.019444444444444445
0 0.7359375 0.8986111111111111 0.010937500000000001 0.016666666666666666
0 0.614453125 0.5034722222222222 0.01015625 0.018055555555555557
0 0.6371093750000001 0.7902777777777779 0.01015625 0.019444444444444445
0 0.6667968750000001 0.7409722222222223 0.01015625 0.018055555555555557
0 0.7359375 0.8868055555555556 0.010937500000000001 0.018055555555555557
0 0.7425781250000001 0.5131944444444445 0.01171875 0.018055555555555557
0 0.6238281250000001 0.8131944444444444 0.01015625 0.018055555555555557
0 0.6824218750000001 0.7173611111111111 0.01015625 0.018055555555555557
0 0.7132812500000001 0.5708333333333333 0.0125 0.019444444444444445
0 0.72578125 0.5944444444444444 0.010937500000000001 0.019444444444444445
0 0.6136718750000001 0.5291666666666667 0.01171875 0.019444444444444445
0 0.74375 0.5381944444444444 0.010937500000000001 0.018055555555555557
0 0.7425781250000001 0.6222222222222222 0.01015625 0.019444444444444445
0 0.6531250000000001 0.7680555555555556 0.010937500000000001 0.019444444444444445
