0 0.44765625000000003 0.8472222222222222 0.009375000000000001 0.03888888888888889
0 0.33203125 0.8458333333333333 0.009375000000000001 0.016666666666666666
0 0.33203125 0.8256944444444445 0.009375000000000001 0.018055555555555557
0 0.339453125 0.4965277777777778 0.00859375 0.015277777777777779
0 0.452734375 0.4979166666666667 0.00859375 0.015277777777777779
0 0.43867187500000004 0.6041666666666667 0.00859375 0.016666666666666666
0 0.45429687500000004 0.4756944444444445 0.00859375 0.018055555555555557
0 0.33984375 0.4756944444444445 0.009375000000000001 0.015277777777777779
0 0.439453125 0.5555555555555556 0.00859375 0.016666666666666666
0 0.45156250000000003 0.5784722222222223 0.009375000000000001 0.018055555555555557
0 0.38398437500000004 0.6993055555555556 0.00859375 0.015277777777777779
0 0.33320312500000004 0.7909722222222223 0.01015625 0.018055555555555557
0 0.4265625 0.5319444444444444 0.009375000000000001 0.016666666666666666
0 0.370703125 0.7208333333333333 0.00859375 0.016666666666666666
0 0.44765625000000003 0.8590277777777778 0.009375000000000001 0.018055555555555557
0 0.34609375000000003 0.7694444444444445 0.009375000000000001 0.016666666666666666
0 0.448046875 0.8354166666666667 0.01015625 0.018055555555555557
0 0.35781250000000003 0.7444444444444445 0.009375000000000001 0.016666666666666666
0 0.424609375 0.6270833333333333 0.00859375 0.015277777777777779
0 0.398046875 0.6756944444444445 0.00859375 0.015277777777777779
0 0.4109375 0.6506944444444445 0.0078125 0.015277777777777779
