0 0.361328125 0.5319444444444444 0.01171875 0.02777777777777778
0 0.275 0.8215277777777779 0.0078125 0.015277777777777779
0 0.27578125000000003 0.49722222222222223 0.0078125 0.01388888888888889
0 0.27382812500000003 0.8416666666666667 0.00859375 0.016666666666666666
0 0.384375 0.8506944444444445 0.0078125 0.015277777777777779
0 0.276171875 0.4756944444444445 0.00859375 0.015277777777777779
0 0.38320312500000003 0.8270833333333334 0.00859375 0.015277777777777779
0 0.38515625000000003 0.4708333333333333 0.0078125 0.01388888888888889
0 0.27382812500000003 0.7881944444444444 0.00859375 0.018055555555555557
0 0.38515625000000003 0.49236111111111114 0.0078125 0.015277777777777779
0 0.28554687500000003 0.7645833333333334 0.00859375 0.015277777777777779
0 0.37148437500000003 0.5993055555555555 0.00859375 0.015277777777777779
0 0.298046875 0.7430555555555556 0.00859375 0.016666666666666666
0 0.34804687500000003 0.6465277777777778 0.00859375 0.015277777777777779
0 0.36054687500000004 0.6229166666666667 0.00859375 0.015277777777777779
0 0.36015625 0.5256944444444445 0.009375000000000001 0.015277777777777779
0 0.37148437500000003 0.5506944444444445 0.00859375 0.018055555555555557
0 0.333984375 0.6715277777777778 0.00859375 0.015277777777777779
0 0.323046875 0.6944444444444444 0.00859375 0.016666666666666666
0 0.31015625 0.7194444444444444 0.0078125 0.016666666666666666
0 0.38515625000000003 0.5736111111111112 0.0078125 0.016666666666666666
