0 0.35000000000000003 0.4881944444444445 0.009375000000000001 0.020833333333333336
0 0.46210937500000004 0.4861111111111111 0.01015625 0.022222222222222223
0 0.35390625000000003 0.8444444444444444 0.010937500000000001 0.019444444444444445
0 0.4625 0.49930555555555556 0.009375000000000001 0.015277777777777779
0 0.35195312500000003 0.48333333333333334 0.00859375 0.016666666666666666
0 0.37578125 0.7444444444444445 0.009375000000000001 0.016666666666666666
0 0.41132812500000004 0.6756944444444445 0.01015625 0.015277777777777779
0 0.349609375 0.5027777777777778 0.00859375 0.01388888888888889
0 0.437109375 0.5319444444444444 0.01015625 0.016666666666666666
0 0.46484375 0.5784722222222223 0.009375000000000001 0.015277777777777779
0 0.35078125000000004 0.7944444444444445 0.010937500000000001 0.016666666666666666
0 0.42500000000000004 0.6527777777777778 0.009375000000000001 0.01388888888888889
0 0.448828125 0.5569444444444445 0.00859375 0.016666666666666666
0 0.46171875 0.48194444444444445 0.009375000000000001 0.016666666666666666
0 0.451171875 0.6020833333333333 0.00859375 0.015277777777777779
0 0.46523437500000003 0.8506944444444445 0.01171875 0.018055555555555557
0 0.353125 0.8256944444444445 0.010937500000000001 0.018055555555555557
0 0.401953125 0.7006944444444445 0.00859375 0.015277777777777779
0 0.36445312500000004 0.7694444444444445 0.01015625 0.016666666666666666
0 0.43867187500000004 0.6270833333333333 0.00859375 0.015277777777777779
0 0.46523437500000003 0.8270833333333334 0.01171875 0.020833333333333336
0 0.38906250000000003 0.7229166666666667 0.009375000000000001 0.015277777777777779
