0 0.4890625 0.7631944444444445 0.010937500000000001 0.020833333333333336
0 0.470703125 0.8430555555555556 0.01171875 0.022222222222222223
0 0.583203125 0.5083333333333333 0.01015625 0.016666666666666666
0 0.58828125 0.8402777777777778 0.010937500000000001 0.019444444444444445
0 0.583203125 0.48958333333333337 0.01015625 0.018055555555555557
0 0.5457031250000001 0.6611111111111111 0.00859375 0.016666666666666666
0 0.5203125000000001 0.7090277777777778 0.009375000000000001 0.015277777777777779
0 0.46640625 0.49236111111111114 0.009375000000000001 0.018055555555555557
0 0.46953125 0.8569444444444445 0.010937500000000001 0.019444444444444445
0 0.48085937500000003 0.7819444444444444 0.01015625 0.019444444444444445
0 0.466796875 0.5159722222222223 0.01015625 0.018055555555555557
0 0.586328125 0.5930555555555556 0.01015625 0.016666666666666666
0 0.5593750000000001 0.6402777777777778 0.009375000000000001 0.016666666666666666
0 0.569921875 0.5694444444444444 0.00859375 0.016666666666666666
0 0.55703125 0.5444444444444445 0.010937500000000001 0.019444444444444445
0 0.507421875 0.7340277777777778 0.01015625 0.018055555555555557
0 0.533203125 0.6881944444444444 0.01015625 0.018055555555555557
0 0.49335937500000004 0.7569444444444444 0.01015625 0.019444444444444445
0 0.570703125 0.6131944444444445 0.01015625 0.018055555555555557
0 0.467578125 0.8055555555555556 0.01171875 0.019444444444444445
