0 0.444921875 0.6208333333333333 0.00859375 0.04166666666666667
0 0.333984375 0.6819444444444445 0.01015625 0.019444444444444445
0 0.453125 0.7694444444444445 0.009375000000000001 0.019444444444444445
0 0.55078125 0.7340277777777778 0.010937500000000001 0.020833333333333336
0 0.4421875 0.6104166666666667 0.009375000000000001 0.015277777777777779
0 0.403125 0.5256944444444445 0.010937500000000001 0.018055555555555557
0 0.47695312500000003 0.8881944444444445 0.013281250000000001 0.020833333333333336
0 0.48085937500000003 0.8944444444444445 0.013281250000000001 0.019444444444444445
0 0.33203125 0.6777777777777778 0.009375000000000001 0.016666666666666666
0 0.408203125 0.5319444444444444 0.01015625 0.019444444444444445
0 0.4 0.5215277777777778 0.009375000000000001 0.018055555555555557
0 0.5457031250000001 0.7256944444444444 0.01015625 0.018055555555555557
0 0.33828125000000003 0.6881944444444444 0.010937500000000001 0.018055555555555557
0 0.45703125 0.8319444444444445 0.010937500000000001 0.019444444444444445
0 0.46015625000000004 0.8631944444444445 0.010937500000000001 0.018055555555555557
0 0.42421875000000003 0.5833333333333334 0.009375000000000001 0.016666666666666666
0 0.44179687500000003 0.5805555555555556 0.00859375 0.016666666666666666
0 0.446875 0.6743055555555556 0.009375000000000001 0.018055555555555557
0 0.451171875 0.7381944444444445 0.00859375 0.018055555555555557
0 0.4453125 0.6409722222222223 0.009375000000000001 0.015277777777777779
0 0.40703125 0.5881944444444445 0.009375000000000001 0.018055555555555557
0 0.45 0.7048611111111112 0.009375000000000001 0.015277777777777779
