0 0.39583333333333337 0.33242187500000003 0.016666666666666666 0.01015625
0 0.6756944444444445 0.429296875 0.018055555555555557 0.00859375
0 0.32569444444444445 0.31484375000000003 0.018055555555555557 0.009375000000000001
0 0.3493055555555556 0.43398437500000003 0.009722222222222222 0.00859375
0 0.6819444444444445 0.312109375 0.011111111111111112 0.00859375
0 0.6659722222222223 0.312109375 0.009722222222222222 0.01015625
0 0.5895833333333333 0.41171875 0.018055555555555557 0.010937500000000001
0 0.3340277777777778 0.43515625 0.009722222222222222 0.009375000000000001
0 0.6631944444444444 0.43085937500000004 0.006944444444444445 0.00859375
0 0.6131944444444445 0.39609375 0.018055555555555557 0.009375000000000001
0 0.5680555555555555 0.358984375 0.019444444444444445 0.01171875
0 0.33819444444444446 0.31679687500000003 0.018055555555555557 0.01015625
0 0.5194444444444445 0.34492187500000004 0.019444444444444445 0.01171875
0 0.41805555555555557 0.31679687500000003 0.019444444444444445 0.01015625
0 0.44583333333333336 0.31640625 0.016666666666666666 0.009375000000000001
0 0.37222222222222223 0.330078125 0.016666666666666666 0.01015625
0 0.49583333333333335 0.3875 0.019444444444444445 0.010937500000000001
0 0.6333333333333333 0.41835937500000003 0.019444444444444445 0.01171875
0 0.4708333333333333 0.373828125 0.019444444444444445 0.01015625
0 0.5444444444444445 0.4375 0.019444444444444445 0.010937500000000001
