0 0.32569444444444445 0.31367187500000004 0.018055555555555557 0.01015625
0 0.3479166666666667 0.43359375 0.018055555555555557 0.009375000000000001
0 0.6805555555555556 0.311328125 0.019444444444444445 0.01015625
0 0.6819444444444445 0.42812500000000003 0.016666666666666666 0.009375000000000001
0 0.33819444444444446 0.43359375 0.018055555555555557 0.009375000000000001
0 0.6729166666666667 0.31171875000000004 0.018055555555555557 0.009375000000000001
0 0.5680555555555555 0.35781250000000003 0.019444444444444445 0.0125
0 0.5916666666666667 0.41054687500000003 0.016666666666666666 0.01015625
0 0.33958333333333335 0.314453125 0.018055555555555557 0.01015625
0 0.6666666666666667 0.4296875 0.016666666666666666 0.009375000000000001
0 0.6131944444444445 0.39492187500000003 0.018055555555555557 0.01015625
0 0.5194444444444445 0.34296875000000004 0.019444444444444445 0.0125
0 0.6354166666666667 0.41875 0.018055555555555557 0.010937500000000001
0 0.41944444444444445 0.31562500000000004 0.019444444444444445 0.010937500000000001
0 0.37430555555555556 0.32890625 0.018055555555555557 0.010937500000000001
0 0.4479166666666667 0.315234375 0.018055555555555557 0.01015625
0 0.49583333333333335 0.385546875 0.019444444444444445 0.01015625
0 0.4729166666666667 0.373046875 0.018055555555555557 0.01015625
0 0.3944444444444445 0.330078125 0.016666666666666666 0.01171875
0 0.5430555555555556 0.435546875 0.019444444444444445 0.01015625
