0 0.32430555555555557 0.31328125 0.018055555555555557 0.009375000000000001
0 0.6819444444444445 0.427734375 0.016666666666666666 0.00859375
0 0.3479166666666667 0.43359375 0.018055555555555557 0.009375000000000001
0 0.6770833333333334 0.311328125 0.018055555555555557 0.01015625
0 0.5680555555555555 0.35781250000000003 0.019444444444444445 0.0125
0 0.33819444444444446 0.43359375 0.018055555555555557 0.009375000000000001
0 0.6708333333333334 0.31171875000000004 0.016666666666666666 0.009375000000000001
0 0.5916666666666667 0.41054687500000003 0.016666666666666666 0.01015625
0 0.6631944444444444 0.43046875 0.009722222222222222 0.009375000000000001
0 0.33958333333333335 0.315234375 0.018055555555555557 0.01015625
0 0.6131944444444445 0.39492187500000003 0.018055555555555557 0.01015625
0 0.6333333333333333 0.41875 0.016666666666666666 0.010937500000000001
0 0.41944444444444445 0.31562500000000004 0.019444444444444445 0.010937500000000001
0 0.5194444444444445 0.34296875000000004 0.019444444444444445 0.0125
0 0.44583333333333336 0.315234375 0.019444444444444445 0.01015625
0 0.3729166666666667 0.32890625 0.018055555555555557 0.010937500000000001
0 0.49583333333333335 0.385546875 0.019444444444444445 0.01015625
0 0.4708333333333333 0.37226562500000004 0.019444444444444445 0.01015625
0 0.5444444444444445 0.43593750000000003 0.016666666666666666 0.010937500000000001
0 0.39583333333333337 0.33046875000000003 0.016666666666666666 0.0125
