0 0.32222222222222224 0.3125 0.016666666666666666 0.009375000000000001
0 0.6791666666666667 0.42812500000000003 0.022222222222222223 0.009375000000000001
0 0.6770833333333334 0.30976562500000004 0.018055555555555557 0.01015625
0 0.5680555555555555 0.357421875 0.019444444444444445 0.01171875
0 0.33819444444444446 0.31328125 0.018055555555555557 0.010937500000000001
0 0.6708333333333334 0.31093750000000003 0.016666666666666666 0.009375000000000001
0 0.5916666666666667 0.408984375 0.016666666666666666 0.01015625
0 0.6680555555555556 0.428515625 0.019444444444444445 0.01015625
0 0.6131944444444445 0.394140625 0.018055555555555557 0.01015625
0 0.6333333333333333 0.41718750000000004 0.019444444444444445 0.010937500000000001
0 0.41944444444444445 0.31484375000000003 0.019444444444444445 0.010937500000000001
0 0.5194444444444445 0.342578125 0.019444444444444445 0.01171875
0 0.4444444444444445 0.31484375000000003 0.019444444444444445 0.010937500000000001
0 0.49583333333333335 0.385546875 0.019444444444444445 0.01171875
0 0.3729166666666667 0.32851562500000003 0.018055555555555557 0.01015625
0 0.4708333333333333 0.37031250000000004 0.019444444444444445 0.010937500000000001
0 0.39583333333333337 0.32890625 0.016666666666666666 0.009375000000000001
0 0.5444444444444445 0.43515625 0.019444444444444445 0.0125
0 0.3340277777777778 0.43281250000000004 0.0125 0.009375000000000001
0 0.3493055555555556 0.43281250000000004 0.0125 0.0078125
