0 0.3354166666666667 0.43125 0.018055555555555557 0.010937500000000001
0 0.34444444444444444 0.43203125000000003 0.016666666666666666 0.009375000000000001
0 0.6770833333333334 0.30859375 0.018055555555555557 0.009375000000000001
0 0.32083333333333336 0.31093750000000003 0.016666666666666666 0.009375000000000001
0 0.6694444444444445 0.31015625 0.016666666666666666 0.009375000000000001
0 0.33819444444444446 0.3125 0.018055555555555557 0.009375000000000001
0 0.5895833333333333 0.40937500000000004 0.018055555555555557 0.010937500000000001
0 0.41805555555555557 0.31328125 0.019444444444444445 0.010937500000000001
0 0.5666666666666667 0.35625 0.019444444444444445 0.0125
0 0.6131944444444445 0.392578125 0.018055555555555557 0.01015625
0 0.4444444444444445 0.31328125 0.019444444444444445 0.010937500000000001
0 0.5194444444444445 0.341796875 0.019444444444444445 0.01171875
0 0.6319444444444444 0.416015625 0.019444444444444445 0.01015625
0 0.37083333333333335 0.32734375000000004 0.019444444444444445 0.009375000000000001
0 0.49444444444444446 0.38359375 0.019444444444444445 0.009375000000000001
0 0.46944444444444444 0.369921875 0.019444444444444445 0.01015625
0 0.3944444444444445 0.32890625 0.019444444444444445 0.010937500000000001
0 0.5444444444444445 0.435546875 0.016666666666666666 0.01015625
0 0.6590277777777778 0.42890625000000004 0.0125 0.009375000000000001
0 0.6770833333333334 0.42617187500000003 0.015277777777777779 0.00859375
