0 0.30069444444444443 0.288671875 0.015277777777777779 0.00859375
0 0.31666666666666665 0.41171875 0.016666666666666666 0.009375000000000001
0 0.32569444444444445 0.412109375 0.018055555555555557 0.01015625
0 0.5284722222222222 0.415625 0.015277777777777779 0.009375000000000001
0 0.6645833333333333 0.28671875 0.018055555555555557 0.009375000000000001
0 0.6534722222222222 0.287890625 0.015277777777777779 0.00703125
0 0.3194444444444445 0.28984375 0.019444444444444445 0.009375000000000001
0 0.6493055555555556 0.40937500000000004 0.006944444444444445 0.009375000000000001
0 0.4791666666666667 0.362109375 0.019444444444444445 0.01015625
0 0.5506944444444445 0.33359375 0.018055555555555557 0.0125
0 0.42708333333333337 0.28984375 0.018055555555555557 0.009375000000000001
0 0.5743055555555556 0.38789062500000004 0.018055555555555557 0.01015625
0 0.5972222222222222 0.373046875 0.019444444444444445 0.01015625
0 0.5006944444444444 0.32070312500000003 0.018055555555555557 0.01171875
0 0.6194444444444445 0.398046875 0.016666666666666666 0.01015625
0 0.3506944444444445 0.304296875 0.018055555555555557 0.01015625
0 0.40069444444444446 0.290625 0.018055555555555557 0.010937500000000001
0 0.45416666666666666 0.34882812500000004 0.019444444444444445 0.01015625
0 0.6652777777777779 0.40742187500000004 0.011111111111111112 0.00859375
0 0.37430555555555556 0.302734375 0.018055555555555557 0.01171875
