0 0.3180555555555556 0.408984375 0.016666666666666666 0.00859375
0 0.32708333333333334 0.41015625 0.018055555555555557 0.009375000000000001
0 0.3791666666666667 0.30078125 0.019444444444444445 0.009375000000000001
0 0.6666666666666667 0.40468750000000003 0.016666666666666666 0.009375000000000001
0 0.5284722222222222 0.41328125000000004 0.015277777777777779 0.009375000000000001
0 0.6583333333333333 0.28554687500000003 0.016666666666666666 0.00859375
0 0.3194444444444445 0.28671875 0.016666666666666666 0.009375000000000001
0 0.6680555555555556 0.284375 0.016666666666666666 0.009375000000000001
0 0.30208333333333337 0.28554687500000003 0.0125 0.01015625
0 0.4291666666666667 0.28750000000000003 0.019444444444444445 0.010937500000000001
0 0.5534722222222223 0.330078125 0.018055555555555557 0.01015625
0 0.5756944444444445 0.385546875 0.018055555555555557 0.01171875
0 0.6555555555555556 0.405859375 0.019444444444444445 0.01015625
0 0.3541666666666667 0.30117187500000003 0.019444444444444445 0.01015625
0 0.5034722222222222 0.31757812500000004 0.018055555555555557 0.01171875
0 0.6208333333333333 0.39492187500000003 0.016666666666666666 0.01015625
0 0.4041666666666667 0.287109375 0.019444444444444445 0.01171875
0 0.6006944444444444 0.37109375 0.018055555555555557 0.009375000000000001
0 0.48194444444444445 0.359375 0.019444444444444445 0.010937500000000001
0 0.4569444444444445 0.34609375000000003 0.019444444444444445 0.010937500000000001
