0 0.5319444444444444 0.408203125 0.01388888888888889 0.01015625
0 0.6618055555555555 0.280078125 0.018055555555555557 0.01171875
0 0.6680555555555556 0.401171875 0.019444444444444445 0.01015625
0 0.6569444444444444 0.40156250000000004 0.016666666666666666 0.009375000000000001
0 0.5819444444444445 0.38007812500000004 0.016666666666666666 0.01015625
0 0.6069444444444445 0.365234375 0.016666666666666666 0.01015625
0 0.43333333333333335 0.280859375 0.019444444444444445 0.01171875
0 0.35694444444444445 0.29531250000000003 0.019444444444444445 0.010937500000000001
0 0.40555555555555556 0.28125 0.019444444444444445 0.010937500000000001
0 0.5069444444444444 0.3125 0.019444444444444445 0.010937500000000001
0 0.5569444444444445 0.32539062500000004 0.019444444444444445 0.01015625
0 0.6256944444444444 0.388671875 0.018055555555555557 0.01015625
0 0.48541666666666666 0.354296875 0.018055555555555557 0.01015625
0 0.45833333333333337 0.33984375 0.019444444444444445 0.009375000000000001
0 0.30486111111111114 0.28125 0.0125 0.010937500000000001
0 0.32569444444444445 0.27968750000000003 0.0125 0.009375000000000001
0 0.3819444444444445 0.295703125 0.019444444444444445 0.01171875
0 0.31527777777777777 0.40468750000000003 0.011111111111111112 0.0078125
0 0.33194444444444443 0.405078125 0.011111111111111112 0.00859375
0 0.6777777777777778 0.27890625 0.011111111111111112 0.0125
