0 0.42430555555555555 0.267578125 0.04027777777777778 0.01015625
0 0.5416666666666667 0.39570312500000004 0.016666666666666666 0.01015625
0 0.3229166666666667 0.392578125 0.015277777777777779 0.00859375
0 0.3368055555555556 0.39296875000000003 0.015277777777777779 0.009375000000000001
0 0.38680555555555557 0.283203125 0.018055555555555557 0.01171875
0 0.6791666666666667 0.38906250000000003 0.016666666666666666 0.009375000000000001
0 0.6833333333333333 0.26406250000000003 0.019444444444444445 0.010937500000000001
0 0.6743055555555556 0.265625 0.018055555555555557 0.009375000000000001
0 0.30972222222222223 0.266796875 0.016666666666666666 0.01015625
0 0.5145833333333334 0.299609375 0.018055555555555557 0.01171875
0 0.6354166666666667 0.378515625 0.018055555555555557 0.01015625
0 0.32569444444444445 0.26640625 0.018055555555555557 0.010937500000000001
0 0.6666666666666667 0.39101562500000003 0.019444444444444445 0.01015625
0 0.6131944444444445 0.353515625 0.018055555555555557 0.01015625
0 0.5895833333333333 0.369921875 0.018055555555555557 0.01171875
0 0.4395833333333333 0.26875 0.018055555555555557 0.010937500000000001
0 0.36180555555555555 0.28203125 0.018055555555555557 0.010937500000000001
0 0.48958333333333337 0.341796875 0.018055555555555557 0.01015625
0 0.4118055555555556 0.26875 0.018055555555555557 0.010937500000000001
0 0.4666666666666667 0.32734375000000004 0.019444444444444445 0.009375000000000001
0 0.5680555555555555 0.312109375 0.019444444444444445 0.013281250000000001
