0 0.3145833333333333 0.25625000000000003 0.03194444444444445 0.009375000000000001
0 0.6291666666666667 0.36054687500000004 0.019444444444444445 0.01171875
0 0.6743055555555556 0.25546875 0.018055555555555557 0.009375000000000001
0 0.3854166666666667 0.26406250000000003 0.018055555555555557 0.0125
0 0.3180555555555556 0.385546875 0.016666666666666666 0.00859375
0 0.32708333333333334 0.38515625000000003 0.018055555555555557 0.009375000000000001
0 0.6756944444444445 0.38125000000000003 0.015277777777777779 0.009375000000000001
0 0.6819444444444445 0.25546875 0.016666666666666666 0.010937500000000001
0 0.5381944444444444 0.38398437500000004 0.018055555555555557 0.01015625
0 0.3055555555555556 0.25546875 0.016666666666666666 0.009375000000000001
0 0.4354166666666667 0.25820312500000003 0.018055555555555557 0.01171875
0 0.5131944444444445 0.287890625 0.018055555555555557 0.01015625
0 0.6631944444444444 0.38359375 0.018055555555555557 0.009375000000000001
0 0.32430555555555557 0.257421875 0.018055555555555557 0.01015625
0 0.6319444444444444 0.369921875 0.019444444444444445 0.01015625
0 0.5847222222222223 0.36015625 0.019444444444444445 0.010937500000000001
0 0.40694444444444444 0.257421875 0.019444444444444445 0.01015625
0 0.6118055555555556 0.34414062500000003 0.018055555555555557 0.01015625
0 0.38333333333333336 0.273046875 0.019444444444444445 0.01015625
0 0.35555555555555557 0.273046875 0.019444444444444445 0.01015625
0 0.48680555555555555 0.33242187500000003 0.018055555555555557 0.01171875
0 0.5631944444444444 0.30312500000000003 0.018055555555555557 0.0125
0 0.4618055555555556 0.31796875 0.018055555555555557 0.010937500000000001
