0 0.6784722222222223 0.25 0.015277777777777779 0.009375000000000001
0 0.6694444444444445 0.251171875 0.016666666666666666 0.00859375
0 0.32569444444444445 0.38125000000000003 0.015277777777777779 0.009375000000000001
0 0.30972222222222223 0.38046875 0.016666666666666666 0.009375000000000001
0 0.29930555555555555 0.25078125 0.015277777777777779 0.009375000000000001
0 0.5333333333333333 0.38359375 0.016666666666666666 0.009375000000000001
0 0.3194444444444445 0.251953125 0.016666666666666666 0.01015625
0 0.6756944444444445 0.377734375 0.009722222222222222 0.01015625
0 0.5604166666666667 0.298828125 0.015277777777777779 0.01171875
0 0.6569444444444444 0.37890625 0.01388888888888889 0.009375000000000001
0 0.4305555555555556 0.25234375000000003 0.016666666666666666 0.010937500000000001
0 0.6069444444444445 0.33984375 0.019444444444444445 0.0125
0 0.5819444444444445 0.35546875 0.019444444444444445 0.0125
0 0.3791666666666667 0.265234375 0.016666666666666666 0.01015625
0 0.40555555555555556 0.251953125 0.019444444444444445 0.01171875
0 0.6284722222222222 0.36484375 0.018055555555555557 0.0125
0 0.3506944444444445 0.26796875000000003 0.018055555555555557 0.010937500000000001
0 0.45833333333333337 0.31289062500000003 0.019444444444444445 0.01015625
0 0.5083333333333333 0.283203125 0.019444444444444445 0.013281250000000001
0 0.48333333333333334 0.32734375000000004 0.019444444444444445 0.0125
