0 0.6604166666666667 0.37734375000000003 0.018055555555555557 0.010937500000000001
0 0.3229166666666667 0.377734375 0.015277777777777779 0.01015625
0 0.6770833333333334 0.24765625000000002 0.018055555555555557 0.009375000000000001
0 0.5319444444444444 0.381640625 0.019444444444444445 0.01015625
0 0.30833333333333335 0.37812500000000004 0.016666666666666666 0.009375000000000001
0 0.6694444444444445 0.37578125 0.019444444444444445 0.010937500000000001
0 0.6680555555555556 0.248828125 0.019444444444444445 0.01015625
0 0.5569444444444445 0.29609375 0.019444444444444445 0.0125
0 0.31666666666666665 0.24921875000000002 0.016666666666666666 0.009375000000000001
0 0.29791666666666666 0.248828125 0.015277777777777779 0.01015625
0 0.4291666666666667 0.25 0.019444444444444445 0.010937500000000001
0 0.6069444444444445 0.337890625 0.019444444444444445 0.01015625
0 0.5055555555555555 0.280859375 0.019444444444444445 0.013281250000000001
0 0.37569444444444444 0.26406250000000003 0.018055555555555557 0.010937500000000001
0 0.3493055555555556 0.26406250000000003 0.018055555555555557 0.010937500000000001
0 0.5819444444444445 0.353515625 0.019444444444444445 0.01015625
0 0.40069444444444446 0.25 0.018055555555555557 0.010937500000000001
0 0.6270833333333333 0.36445312500000004 0.018055555555555557 0.01171875
0 0.48194444444444445 0.32539062500000004 0.019444444444444445 0.01015625
0 0.4569444444444445 0.31093750000000003 0.019444444444444445 0.010937500000000001
