0 0.3159722222222222 0.38046875 0.018055555555555557 0.009375000000000001
0 0.6777777777777778 0.25 0.011111111111111112 0.009375000000000001
0 0.5305555555555556 0.3828125 0.019444444444444445 0.010937500000000001
0 0.6618055555555555 0.25078125 0.009722222222222222 0.009375000000000001
0 0.30833333333333335 0.38007812500000004 0.019444444444444445 0.01015625
0 0.29444444444444445 0.25 0.016666666666666666 0.009375000000000001
0 0.31319444444444444 0.25078125 0.018055555555555557 0.009375000000000001
0 0.5756944444444445 0.35546875 0.018055555555555557 0.009375000000000001
0 0.5034722222222222 0.28359375000000003 0.018055555555555557 0.0125
0 0.5541666666666667 0.298046875 0.019444444444444445 0.013281250000000001
0 0.4256944444444445 0.251953125 0.018055555555555557 0.01015625
0 0.6020833333333333 0.33906250000000004 0.018055555555555557 0.010937500000000001
0 0.6541666666666667 0.37929687500000003 0.016666666666666666 0.01015625
0 0.3979166666666667 0.25078125 0.018055555555555557 0.010937500000000001
0 0.6243055555555556 0.365234375 0.018055555555555557 0.01171875
0 0.37430555555555556 0.266796875 0.018055555555555557 0.01015625
0 0.4791666666666667 0.32656250000000003 0.019444444444444445 0.010937500000000001
0 0.3458333333333333 0.267578125 0.019444444444444445 0.01015625
0 0.45069444444444445 0.312109375 0.018055555555555557 0.01171875
0 0.6715277777777778 0.37578125 0.009722222222222222 0.0078125
