0 0.3055555555555556 0.39570312500000004 0.016666666666666666 0.00859375
0 0.5256944444444445 0.39882812500000003 0.018055555555555557 0.01015625
0 0.6666666666666667 0.392578125 0.016666666666666666 0.01015625
0 0.3145833333333333 0.39453125 0.018055555555555557 0.009375000000000001
0 0.5479166666666667 0.31640625 0.018055555555555557 0.0125
0 0.31319444444444444 0.26796875000000003 0.015277777777777779 0.009375000000000001
0 0.6680555555555556 0.26640625 0.019444444444444445 0.009375000000000001
0 0.6569444444444444 0.26796875000000003 0.016666666666666666 0.009375000000000001
0 0.37083333333333335 0.28359375000000003 0.016666666666666666 0.010937500000000001
0 0.49930555555555556 0.30078125 0.018055555555555557 0.0125
0 0.42083333333333334 0.26875 0.019444444444444445 0.010937500000000001
0 0.6520833333333333 0.392578125 0.018055555555555557 0.01015625
0 0.29097222222222224 0.267578125 0.015277777777777779 0.00859375
0 0.3944444444444445 0.26875 0.019444444444444445 0.010937500000000001
0 0.5979166666666667 0.35546875 0.018055555555555557 0.0125
0 0.6194444444444445 0.380859375 0.016666666666666666 0.01015625
0 0.5708333333333333 0.37031250000000004 0.019444444444444445 0.010937500000000001
0 0.4756944444444445 0.34375 0.018055555555555557 0.010937500000000001
0 0.34305555555555556 0.283203125 0.019444444444444445 0.01171875
0 0.45069444444444445 0.32851562500000003 0.018055555555555557 0.01015625
