0 0.32083333333333336 0.40390625 0.01388888888888889 0.009375000000000001
0 0.6618055555555555 0.2765625 0.018055555555555557 0.009375000000000001
0 0.6722222222222223 0.274609375 0.016666666666666666 0.01015625
0 0.6694444444444445 0.40078125000000003 0.019444444444444445 0.009375000000000001
0 0.30833333333333335 0.40390625 0.016666666666666666 0.009375000000000001
0 0.5291666666666667 0.40859375000000003 0.019444444444444445 0.010937500000000001
0 0.37430555555555556 0.29296875 0.018055555555555557 0.009375000000000001
0 0.3145833333333333 0.27734375 0.018055555555555557 0.009375000000000001
0 0.5006944444444444 0.310546875 0.018055555555555557 0.01171875
0 0.5506944444444445 0.32343750000000004 0.020833333333333336 0.0125
0 0.2965277777777778 0.276171875 0.015277777777777779 0.00859375
0 0.5756944444444445 0.38046875 0.018055555555555557 0.010937500000000001
0 0.6006944444444444 0.36484375 0.018055555555555557 0.010937500000000001
0 0.4256944444444445 0.27773437500000003 0.018055555555555557 0.01015625
0 0.3993055555555556 0.27773437500000003 0.018055555555555557 0.01171875
0 0.6208333333333333 0.390625 0.016666666666666666 0.010937500000000001
0 0.3493055555555556 0.2921875 0.018055555555555557 0.010937500000000001
0 0.45416666666666666 0.337890625 0.019444444444444445 0.01015625
0 0.4791666666666667 0.35273437500000004 0.019444444444444445 0.01171875
0 0.6520833333333333 0.40273437500000003 0.0125 0.00703125
