0 0.3104166666666667 0.405859375 0.018055555555555557 0.01015625
0 0.5256944444444445 0.408984375 0.018055555555555557 0.01015625
0 0.3180555555555556 0.40703125 0.016666666666666666 0.009375000000000001
0 0.6694444444444445 0.403125 0.016666666666666666 0.009375000000000001
0 0.5006944444444444 0.31171875000000004 0.018055555555555557 0.0125
0 0.6708333333333334 0.278125 0.019444444444444445 0.010937500000000001
0 0.6597222222222222 0.27890625 0.016666666666666666 0.009375000000000001
0 0.3145833333333333 0.279296875 0.018055555555555557 0.01015625
0 0.6006944444444444 0.366796875 0.018055555555555557 0.01015625
0 0.3979166666666667 0.28046875 0.018055555555555557 0.0125
0 0.37222222222222223 0.294921875 0.016666666666666666 0.01015625
0 0.4256944444444445 0.280078125 0.018055555555555557 0.01015625
0 0.29444444444444445 0.27773437500000003 0.01388888888888889 0.00859375
0 0.6520833333333333 0.40390625 0.018055555555555557 0.009375000000000001
0 0.6194444444444445 0.39140625 0.016666666666666666 0.010937500000000001
0 0.5506944444444445 0.32578125 0.020833333333333336 0.0125
0 0.3458333333333333 0.294921875 0.019444444444444445 0.01015625
0 0.5756944444444445 0.382421875 0.018055555555555557 0.01171875
0 0.45416666666666666 0.340625 0.019444444444444445 0.010937500000000001
0 0.47708333333333336 0.35468750000000004 0.018055555555555557 0.010937500000000001
