0 0.6680555555555556 0.40546875000000004 0.016666666666666666 0.009375000000000001
0 0.5256944444444445 0.41328125000000004 0.018055555555555557 0.009375000000000001
0 0.3041666666666667 0.40859375000000003 0.01388888888888889 0.009375000000000001
0 0.6597222222222222 0.28203125 0.016666666666666666 0.009375000000000001
0 0.6708333333333334 0.28125 0.019444444444444445 0.010937500000000001
0 0.29444444444444445 0.280859375 0.016666666666666666 0.00859375
0 0.31319444444444444 0.282421875 0.015277777777777779 0.01015625
0 0.5006944444444444 0.31484375000000003 0.018055555555555557 0.010937500000000001
0 0.3729166666666667 0.298046875 0.015277777777777779 0.01015625
0 0.5993055555555555 0.369140625 0.018055555555555557 0.01015625
0 0.6541666666666667 0.40703125 0.019444444444444445 0.009375000000000001
0 0.6194444444444445 0.394140625 0.016666666666666666 0.01015625
0 0.42430555555555555 0.284375 0.018055555555555557 0.009375000000000001
0 0.5506944444444445 0.328125 0.018055555555555557 0.0125
0 0.3979166666666667 0.28359375000000003 0.018055555555555557 0.010937500000000001
0 0.45069444444444445 0.342578125 0.018055555555555557 0.01015625
0 0.3458333333333333 0.29726562500000003 0.016666666666666666 0.01015625
0 0.5743055555555556 0.384375 0.018055555555555557 0.010937500000000001
0 0.47708333333333336 0.358203125 0.018055555555555557 0.01171875
0 0.32083333333333336 0.408984375 0.01388888888888889 0.00859375
