0 0.32083333333333336 0.41328125000000004 0.016666666666666666 0.009375000000000001
0 0.31319444444444444 0.413671875 0.018055555555555557 0.01015625
0 0.5319444444444444 0.41640625000000003 0.016666666666666666 0.009375000000000001
0 0.6722222222222223 0.28554687500000003 0.016666666666666666 0.01015625
0 0.6680555555555556 0.41015625 0.016666666666666666 0.009375000000000001
0 0.6541666666666667 0.41015625 0.016666666666666666 0.009375000000000001
0 0.6645833333333333 0.28515625 0.018055555555555557 0.009375000000000001
0 0.29791666666666666 0.28671875 0.015277777777777779 0.009375000000000001
0 0.37430555555555556 0.30195312500000004 0.018055555555555557 0.01015625
0 0.31666666666666665 0.28750000000000003 0.016666666666666666 0.009375000000000001
0 0.6243055555555556 0.398046875 0.018055555555555557 0.01015625
0 0.5034722222222222 0.31796875 0.018055555555555557 0.0125
0 0.6041666666666667 0.373828125 0.019444444444444445 0.01015625
0 0.4256944444444445 0.287109375 0.018055555555555557 0.01015625
0 0.5520833333333334 0.33242187500000003 0.018055555555555557 0.01171875
0 0.3472222222222222 0.30234375 0.016666666666666666 0.009375000000000001
0 0.3993055555555556 0.287109375 0.018055555555555557 0.01015625
0 0.5770833333333334 0.38789062500000004 0.018055555555555557 0.01015625
0 0.48055555555555557 0.36171875000000003 0.019444444444444445 0.010937500000000001
0 0.45416666666666666 0.347265625 0.019444444444444445 0.01015625
