0 0.6618055555555555 0.2890625 0.015277777777777779 0.009375000000000001
0 0.6680555555555556 0.28828125 0.019444444444444445 0.009375000000000001
0 0.6694444444444445 0.41328125000000004 0.019444444444444445 0.009375000000000001
0 0.3229166666666667 0.41718750000000004 0.015277777777777779 0.009375000000000001
0 0.5291666666666667 0.420703125 0.016666666666666666 0.01015625
0 0.31319444444444444 0.41718750000000004 0.018055555555555557 0.009375000000000001
0 0.5006944444444444 0.323046875 0.018055555555555557 0.01015625
0 0.5520833333333334 0.33632812500000003 0.018055555555555557 0.01171875
0 0.5756944444444445 0.392578125 0.018055555555555557 0.01015625
0 0.3145833333333333 0.291796875 0.018055555555555557 0.01015625
0 0.2965277777777778 0.28984375 0.015277777777777779 0.009375000000000001
0 0.6020833333333333 0.376953125 0.018055555555555557 0.01171875
0 0.6222222222222222 0.403125 0.016666666666666666 0.010937500000000001
0 0.3993055555555556 0.291796875 0.018055555555555557 0.01015625
0 0.6541666666666667 0.415625 0.016666666666666666 0.009375000000000001
0 0.4256944444444445 0.291015625 0.018055555555555557 0.01015625
0 0.37222222222222223 0.30585937500000004 0.016666666666666666 0.01015625
0 0.3472222222222222 0.30585937500000004 0.016666666666666666 0.01015625
0 0.45208333333333334 0.35195312500000003 0.018055555555555557 0.01171875
0 0.4791666666666667 0.366015625 0.019444444444444445 0.01015625
