0 0.3215277777777778 0.41835937500000003 0.015277777777777779 0.00859375
0 0.3104166666666667 0.41875 0.018055555555555557 0.009375000000000001
0 0.5291666666666667 0.42109375000000004 0.016666666666666666 0.009375000000000001
0 0.5541666666666667 0.33710937500000004 0.016666666666666666 0.01171875
0 0.6694444444444445 0.2890625 0.019444444444444445 0.009375000000000001
0 0.5006944444444444 0.325 0.018055555555555557 0.010937500000000001
0 0.6708333333333334 0.4140625 0.019444444444444445 0.009375000000000001
0 0.6597222222222222 0.290625 0.016666666666666666 0.009375000000000001
0 0.5770833333333334 0.392578125 0.018055555555555557 0.01015625
0 0.2965277777777778 0.291796875 0.015277777777777779 0.00859375
0 0.6020833333333333 0.378515625 0.018055555555555557 0.01015625
0 0.6222222222222222 0.403125 0.016666666666666666 0.010937500000000001
0 0.3993055555555556 0.2921875 0.018055555555555557 0.010937500000000001
0 0.4256944444444445 0.291796875 0.018055555555555557 0.01015625
0 0.3145833333333333 0.2921875 0.018055555555555557 0.009375000000000001
0 0.3472222222222222 0.307421875 0.016666666666666666 0.01015625
0 0.45416666666666666 0.35234375 0.019444444444444445 0.0125
0 0.4791666666666667 0.366796875 0.019444444444444445 0.01015625
0 0.37430555555555556 0.30781250000000004 0.015277777777777779 0.0125
0 0.6520833333333333 0.415625 0.015277777777777779 0.010937500000000001
