0 0.6756944444444445 0.28945312500000003 0.018055555555555557 0.01015625
0 0.30972222222222223 0.41953125 0.016666666666666666 0.009375000000000001
0 0.3229166666666667 0.41953125 0.015277777777777779 0.009375000000000001
0 0.5555555555555556 0.3375 0.016666666666666666 0.010937500000000001
0 0.5319444444444444 0.42109375000000004 0.016666666666666666 0.009375000000000001
0 0.6631944444444444 0.290625 0.018055555555555557 0.009375000000000001
0 0.6708333333333334 0.4140625 0.019444444444444445 0.009375000000000001
0 0.6569444444444444 0.41640625000000003 0.016666666666666666 0.009375000000000001
0 0.5041666666666667 0.32343750000000004 0.019444444444444445 0.0125
0 0.29791666666666666 0.291796875 0.015277777777777779 0.00859375
0 0.3993055555555556 0.2921875 0.018055555555555557 0.010937500000000001
0 0.42708333333333337 0.29296875 0.018055555555555557 0.0125
0 0.5791666666666667 0.393359375 0.016666666666666666 0.01015625
0 0.6055555555555556 0.377734375 0.019444444444444445 0.01171875
0 0.31666666666666665 0.2921875 0.016666666666666666 0.009375000000000001
0 0.6256944444444444 0.40156250000000004 0.018055555555555557 0.010937500000000001
0 0.37430555555555556 0.307421875 0.018055555555555557 0.01015625
0 0.45555555555555555 0.353125 0.019444444444444445 0.010937500000000001
0 0.48055555555555557 0.366796875 0.019444444444444445 0.01015625
0 0.3506944444444445 0.30781250000000004 0.018055555555555557 0.0125
