0 0.3194444444444445 0.420703125 0.01388888888888889 0.01015625
0 0.5284722222222222 0.421484375 0.015277777777777779 0.01015625
0 0.6694444444444445 0.28984375 0.019444444444444445 0.009375000000000001
0 0.5006944444444444 0.32421875 0.018055555555555557 0.0125
0 0.6597222222222222 0.290234375 0.016666666666666666 0.00859375
0 0.6694444444444445 0.415625 0.016666666666666666 0.009375000000000001
0 0.39583333333333337 0.29375 0.019444444444444445 0.010937500000000001
0 0.42430555555555555 0.29296875 0.018055555555555557 0.009375000000000001
0 0.29444444444444445 0.2921875 0.016666666666666666 0.009375000000000001
0 0.6256944444444444 0.40156250000000004 0.018055555555555557 0.010937500000000001
0 0.5534722222222223 0.337890625 0.018055555555555557 0.01015625
0 0.31319444444444444 0.29296875 0.015277777777777779 0.009375000000000001
0 0.6020833333333333 0.37929687500000003 0.018055555555555557 0.01015625
0 0.37222222222222223 0.30781250000000004 0.016666666666666666 0.009375000000000001
0 0.6534722222222222 0.41718750000000004 0.015277777777777779 0.009375000000000001
0 0.5756944444444445 0.39492187500000003 0.018055555555555557 0.01015625
0 0.3458333333333333 0.30781250000000004 0.019444444444444445 0.009375000000000001
0 0.45208333333333334 0.35273437500000004 0.018055555555555557 0.01171875
0 0.4791666666666667 0.36796875 0.019444444444444445 0.0125
0 0.3055555555555556 0.420703125 0.01388888888888889 0.00859375
