0 0.32222222222222224 0.42265625 0.016666666666666666 0.009375000000000001
0 0.6756944444444445 0.290234375 0.015277777777777779 0.00859375
0 0.5333333333333333 0.42421875000000003 0.016666666666666666 0.009375000000000001
0 0.31319444444444444 0.421484375 0.018055555555555557 0.01015625
0 0.6631944444444444 0.2921875 0.009722222222222222 0.010937500000000001
0 0.6694444444444445 0.416796875 0.019444444444444445 0.01015625
0 0.4291666666666667 0.29531250000000003 0.016666666666666666 0.010937500000000001
0 0.6069444444444445 0.38046875 0.019444444444444445 0.010937500000000001
0 0.6256944444444444 0.405859375 0.018055555555555557 0.01015625
0 0.37430555555555556 0.311328125 0.018055555555555557 0.01015625
0 0.5055555555555555 0.326171875 0.019444444444444445 0.01171875
0 0.40069444444444446 0.294921875 0.018055555555555557 0.01015625
0 0.3180555555555556 0.294921875 0.016666666666666666 0.01015625
0 0.6583333333333333 0.41796875 0.016666666666666666 0.009375000000000001
0 0.5805555555555556 0.39609375 0.016666666666666666 0.010937500000000001
0 0.48055555555555557 0.369140625 0.019444444444444445 0.01015625
0 0.5569444444444445 0.33906250000000004 0.019444444444444445 0.0125
0 0.3493055555555556 0.30976562500000004 0.018055555555555557 0.01015625
0 0.4569444444444445 0.35468750000000004 0.019444444444444445 0.010937500000000001
0 0.29791666666666666 0.294921875 0.015277777777777779 0.01015625
