0 0.32222222222222224 0.42265625 0.016666666666666666 0.009375000000000001
0 0.6756944444444445 0.291796875 0.015277777777777779 0.00859375
0 0.31319444444444444 0.42265625 0.018055555555555557 0.009375000000000001
0 0.29791666666666666 0.29335937500000003 0.015277777777777779 0.00859375
0 0.6680555555555556 0.2921875 0.016666666666666666 0.009375000000000001
0 0.5319444444444444 0.424609375 0.016666666666666666 0.01015625
0 0.6694444444444445 0.41718750000000004 0.019444444444444445 0.009375000000000001
0 0.37430555555555556 0.31093750000000003 0.018055555555555557 0.009375000000000001
0 0.6055555555555556 0.38046875 0.019444444444444445 0.009375000000000001
0 0.5055555555555555 0.326171875 0.019444444444444445 0.01015625
0 0.31666666666666665 0.29453125 0.016666666666666666 0.009375000000000001
0 0.4291666666666667 0.29609375 0.016666666666666666 0.009375000000000001
0 0.6583333333333333 0.41796875 0.016666666666666666 0.009375000000000001
0 0.6270833333333333 0.405859375 0.018055555555555557 0.01015625
0 0.40069444444444446 0.295703125 0.018055555555555557 0.01015625
0 0.48055555555555557 0.369921875 0.019444444444444445 0.01015625
0 0.5805555555555556 0.39609375 0.016666666666666666 0.010937500000000001
0 0.3493055555555556 0.310546875 0.018055555555555557 0.01015625
0 0.45555555555555555 0.35468750000000004 0.019444444444444445 0.010937500000000001
0 0.5569444444444445 0.33906250000000004 0.019444444444444445 0.010937500000000001
