0 0.6743055555555556 0.28984375 0.018055555555555557 0.009375000000000001
0 0.30694444444444446 0.420703125 0.011111111111111112 0.01015625
0 0.6618055555555555 0.29140625000000003 0.018055555555555557 0.009375000000000001
0 0.5319444444444444 0.423828125 0.016666666666666666 0.01015625
0 0.29583333333333334 0.2921875 0.016666666666666666 0.009375000000000001
0 0.4256944444444445 0.294140625 0.018055555555555557 0.01015625
0 0.3979166666666667 0.29335937500000003 0.018055555555555557 0.01171875
0 0.6708333333333334 0.41523437500000004 0.019444444444444445 0.01015625
0 0.5034722222222222 0.325 0.018055555555555557 0.0125
0 0.6256944444444444 0.40273437500000003 0.018055555555555557 0.01015625
0 0.3145833333333333 0.29296875 0.018055555555555557 0.009375000000000001
0 0.5555555555555556 0.338671875 0.019444444444444445 0.01015625
0 0.6069444444444445 0.37929687500000003 0.019444444444444445 0.01015625
0 0.6555555555555556 0.41718750000000004 0.016666666666666666 0.009375000000000001
0 0.37222222222222223 0.30859375 0.016666666666666666 0.009375000000000001
0 0.3458333333333333 0.30859375 0.016666666666666666 0.009375000000000001
0 0.5770833333333334 0.39492187500000003 0.018055555555555557 0.01015625
0 0.48055555555555557 0.36875 0.019444444444444445 0.010937500000000001
0 0.45416666666666666 0.354296875 0.019444444444444445 0.01171875
0 0.32430555555555557 0.42031250000000003 0.015277777777777779 0.009375000000000001
