0 0.30833333333333335 0.42031250000000003 0.019444444444444445 0.009375000000000001
0 0.31666666666666665 0.42031250000000003 0.016666666666666666 0.009375000000000001
0 0.6680555555555556 0.28945312500000003 0.019444444444444445 0.01015625
0 0.31180555555555556 0.2921875 0.015277777777777779 0.009375000000000001
0 0.6708333333333334 0.4140625 0.019444444444444445 0.009375000000000001
0 0.6583333333333333 0.28984375 0.016666666666666666 0.009375000000000001
0 0.5006944444444444 0.32343750000000004 0.018055555555555557 0.0125
0 0.5270833333333333 0.421484375 0.018055555555555557 0.01015625
0 0.29097222222222224 0.291796875 0.015277777777777779 0.00859375
0 0.5520833333333334 0.33671875 0.018055555555555557 0.0125
0 0.3944444444444445 0.2921875 0.019444444444444445 0.010937500000000001
0 0.3729166666666667 0.30781250000000004 0.018055555555555557 0.009375000000000001
0 0.6020833333333333 0.378515625 0.018055555555555557 0.01015625
0 0.6222222222222222 0.403125 0.016666666666666666 0.010937500000000001
0 0.42291666666666666 0.291796875 0.018055555555555557 0.01015625
0 0.5756944444444445 0.39492187500000003 0.018055555555555557 0.01171875
0 0.45208333333333334 0.35234375 0.018055555555555557 0.0125
0 0.34305555555555556 0.307421875 0.019444444444444445 0.01015625
0 0.47708333333333336 0.36796875 0.018055555555555557 0.010937500000000001
0 0.6527777777777778 0.41523437500000004 0.01388888888888889 0.00703125
