0 0.30694444444444446 0.41718750000000004 0.019444444444444445 0.009375000000000001
0 0.29305555555555557 0.41640625000000003 0.019444444444444445 0.009375000000000001
0 0.28194444444444444 0.28750000000000003 0.019444444444444445 0.009375000000000001
0 0.4118055555555556 0.287890625 0.018055555555555557 0.01015625
0 0.30069444444444443 0.288671875 0.018055555555555557 0.01015625
0 0.6618055555555555 0.28554687500000003 0.018055555555555557 0.01015625
0 0.5194444444444445 0.41914062500000004 0.016666666666666666 0.01015625
0 0.6506944444444445 0.28671875 0.018055555555555557 0.009375000000000001
0 0.6444444444444445 0.4140625 0.019444444444444445 0.009375000000000001
0 0.48958333333333337 0.318359375 0.018055555555555557 0.01171875
0 0.5916666666666667 0.374609375 0.019444444444444445 0.01171875
0 0.6597222222222222 0.41171875 0.019444444444444445 0.009375000000000001
0 0.36041666666666666 0.30234375 0.018055555555555557 0.009375000000000001
0 0.6145833333333334 0.401171875 0.018055555555555557 0.01171875
0 0.5430555555555556 0.33359375 0.019444444444444445 0.0125
0 0.38333333333333336 0.287890625 0.019444444444444445 0.01015625
0 0.33194444444444443 0.302734375 0.019444444444444445 0.01015625
0 0.4666666666666667 0.362890625 0.019444444444444445 0.01015625
0 0.4395833333333333 0.34921875 0.018055555555555557 0.009375000000000001
0 0.5680555555555555 0.390234375 0.019444444444444445 0.01171875
