0 0.6583333333333333 0.283984375 0.019444444444444445 0.01015625
0 0.3041666666666667 0.41640625000000003 0.016666666666666666 0.009375000000000001
0 0.6506944444444445 0.28515625 0.018055555555555557 0.009375000000000001
0 0.2916666666666667 0.41523437500000004 0.016666666666666666 0.01015625
0 0.6569444444444444 0.41132812500000004 0.016666666666666666 0.01015625
0 0.5180555555555556 0.41875 0.019444444444444445 0.010937500000000001
0 0.6118055555555556 0.39921875 0.018055555555555557 0.010937500000000001
0 0.29444444444444445 0.28671875 0.016666666666666666 0.009375000000000001
0 0.27708333333333335 0.286328125 0.018055555555555557 0.01015625
0 0.6430555555555556 0.412109375 0.016666666666666666 0.01015625
0 0.4083333333333333 0.28671875 0.019444444444444445 0.0125
0 0.5895833333333333 0.373828125 0.018055555555555557 0.01171875
0 0.4881944444444445 0.31679687500000003 0.018055555555555557 0.01015625
0 0.5395833333333333 0.33203125 0.018055555555555557 0.0125
0 0.32916666666666666 0.30195312500000004 0.019444444444444445 0.01015625
0 0.3819444444444445 0.28671875 0.019444444444444445 0.0125
0 0.35555555555555557 0.30117187500000003 0.019444444444444445 0.01015625
0 0.43819444444444444 0.34804687500000003 0.018055555555555557 0.01015625
0 0.46319444444444446 0.36250000000000004 0.018055555555555557 0.010937500000000001
0 0.5631944444444444 0.389453125 0.020833333333333336 0.01171875
