0 0.2847222222222222 0.412109375 0.011111111111111112 0.01015625
0 0.6458333333333334 0.28046875 0.019444444444444445 0.009375000000000001
0 0.6583333333333333 0.27968750000000003 0.016666666666666666 0.009375000000000001
0 0.6555555555555556 0.40859375000000003 0.016666666666666666 0.009375000000000001
0 0.27222222222222225 0.28203125 0.016666666666666666 0.009375000000000001
0 0.2916666666666667 0.282421875 0.016666666666666666 0.01015625
0 0.5118055555555556 0.4140625 0.018055555555555557 0.010937500000000001
0 0.6395833333333334 0.41054687500000003 0.018055555555555557 0.01015625
0 0.4041666666666667 0.28359375000000003 0.019444444444444445 0.010937500000000001
0 0.6083333333333334 0.39609375 0.019444444444444445 0.0125
0 0.37569444444444444 0.28359375000000003 0.018055555555555557 0.010937500000000001
0 0.48194444444444445 0.314453125 0.019444444444444445 0.013281250000000001
0 0.5868055555555556 0.371875 0.018055555555555557 0.010937500000000001
0 0.35208333333333336 0.298828125 0.018055555555555557 0.01015625
0 0.5333333333333333 0.328125 0.019444444444444445 0.010937500000000001
0 0.32430555555555557 0.29726562500000003 0.018055555555555557 0.01015625
0 0.43194444444444446 0.34492187500000004 0.019444444444444445 0.01171875
0 0.5583333333333333 0.38671875 0.019444444444444445 0.0125
0 0.4569444444444445 0.35859375000000004 0.019444444444444445 0.0125
0 0.30069444444444443 0.413671875 0.015277777777777779 0.01015625
