0 0.6506944444444445 0.27578125000000003 0.018055555555555557 0.009375000000000001
0 0.6597222222222222 0.27578125000000003 0.016666666666666666 0.009375000000000001
0 0.29305555555555557 0.27773437500000003 0.016666666666666666 0.01015625
0 0.28194444444444444 0.40859375000000003 0.019444444444444445 0.009375000000000001
0 0.5131944444444445 0.41171875 0.018055555555555557 0.009375000000000001
0 0.6430555555555556 0.40742187500000004 0.016666666666666666 0.01015625
0 0.6569444444444444 0.405078125 0.016666666666666666 0.01015625
0 0.6131944444444445 0.39296875000000003 0.018055555555555557 0.010937500000000001
0 0.5381944444444444 0.32460937500000003 0.018055555555555557 0.01171875
0 0.27083333333333337 0.276171875 0.016666666666666666 0.01015625
0 0.40555555555555556 0.27734375 0.019444444444444445 0.009375000000000001
0 0.35208333333333336 0.29296875 0.015277777777777779 0.009375000000000001
0 0.3770833333333333 0.278125 0.020833333333333336 0.010937500000000001
0 0.48680555555555555 0.30898437500000003 0.020833333333333336 0.013281250000000001
0 0.43333333333333335 0.33984375 0.019444444444444445 0.0125
0 0.5881944444444445 0.366796875 0.018055555555555557 0.01015625
0 0.5631944444444444 0.38320312500000003 0.018055555555555557 0.01171875
0 0.4604166666666667 0.35468750000000004 0.018055555555555557 0.010937500000000001
0 0.32430555555555557 0.2921875 0.018055555555555557 0.009375000000000001
0 0.29930555555555555 0.41054687500000003 0.015277777777777779 0.01015625
