0 0.2916666666666667 0.408203125 0.019444444444444445 0.01015625
0 0.6618055555555555 0.27421875 0.018055555555555557 0.009375000000000001
0 0.6506944444444445 0.275 0.018055555555555557 0.009375000000000001
0 0.40694444444444444 0.276171875 0.019444444444444445 0.01171875
0 0.6430555555555556 0.40546875000000004 0.016666666666666666 0.009375000000000001
0 0.2916666666666667 0.275 0.019444444444444445 0.010937500000000001
0 0.6131944444444445 0.39140625 0.018055555555555557 0.010937500000000001
0 0.5131944444444445 0.41132812500000004 0.018055555555555557 0.01015625
0 0.27222222222222225 0.275 0.016666666666666666 0.009375000000000001
0 0.6583333333333333 0.40273437500000003 0.016666666666666666 0.01015625
0 0.35555555555555557 0.290234375 0.016666666666666666 0.01015625
0 0.3791666666666667 0.276171875 0.019444444444444445 0.01171875
0 0.5395833333333333 0.32265625000000003 0.018055555555555557 0.0125
0 0.32569444444444445 0.291015625 0.018055555555555557 0.01015625
0 0.4354166666666667 0.33710937500000004 0.018055555555555557 0.01015625
0 0.48680555555555555 0.30781250000000004 0.020833333333333336 0.0140625
0 0.5881944444444445 0.36562500000000003 0.018055555555555557 0.010937500000000001
0 0.5631944444444444 0.381640625 0.018055555555555557 0.01015625
0 0.46319444444444446 0.353125 0.020833333333333336 0.010937500000000001
