0 0.29930555555555555 0.40625 0.015277777777777779 0.009375000000000001
0 0.6631944444444444 0.27265625 0.018055555555555557 0.009375000000000001
0 0.2868055555555556 0.40625 0.018055555555555557 0.009375000000000001
0 0.6506944444444445 0.27421875 0.018055555555555557 0.009375000000000001
0 0.6118055555555556 0.39101562500000003 0.018055555555555557 0.01015625
0 0.5145833333333334 0.41054687500000003 0.018055555555555557 0.01015625
0 0.40694444444444444 0.27421875 0.016666666666666666 0.009375000000000001
0 0.6430555555555556 0.40390625 0.016666666666666666 0.009375000000000001
0 0.2715277777777778 0.27265625 0.015277777777777779 0.009375000000000001
0 0.2916666666666667 0.27382812500000003 0.019444444444444445 0.01015625
0 0.35555555555555557 0.28945312500000003 0.016666666666666666 0.01015625
0 0.32430555555555557 0.28984375 0.018055555555555557 0.009375000000000001
0 0.4354166666666667 0.33671875 0.018055555555555557 0.010937500000000001
0 0.5395833333333333 0.32265625000000003 0.018055555555555557 0.0125
0 0.3791666666666667 0.275 0.019444444444444445 0.010937500000000001
0 0.4847222222222222 0.30703125000000003 0.022222222222222223 0.0125
0 0.6583333333333333 0.401953125 0.016666666666666666 0.01015625
0 0.5881944444444445 0.36484375 0.018055555555555557 0.010937500000000001
0 0.5631944444444444 0.380859375 0.018055555555555557 0.01171875
0 0.4618055555555556 0.35195312500000003 0.018055555555555557 0.01171875
