0 0.27708333333333335 0.40078125000000003 0.015277777777777779 0.009375000000000001
0 0.6618055555555555 0.267578125 0.018055555555555557 0.01015625
0 0.2868055555555556 0.269140625 0.018055555555555557 0.01015625
0 0.2923611111111111 0.403125 0.015277777777777779 0.009375000000000001
0 0.6506944444444445 0.27109375 0.015277777777777779 0.009375000000000001
0 0.40069444444444446 0.270703125 0.018055555555555557 0.01015625
0 0.6569444444444444 0.4 0.016666666666666666 0.009375000000000001
0 0.6395833333333334 0.40156250000000004 0.018055555555555557 0.009375000000000001
0 0.5368055555555555 0.31796875 0.018055555555555557 0.010937500000000001
0 0.6097222222222223 0.388671875 0.016666666666666666 0.01171875
0 0.5118055555555556 0.40351562500000004 0.018055555555555557 0.01015625
0 0.48055555555555557 0.30312500000000003 0.019444444444444445 0.0125
0 0.37430555555555556 0.26992187500000003 0.018055555555555557 0.01171875
0 0.3506944444444445 0.28554687500000003 0.018055555555555557 0.01015625
0 0.3194444444444445 0.28554687500000003 0.019444444444444445 0.01015625
0 0.45833333333333337 0.34804687500000003 0.019444444444444445 0.01171875
0 0.5868055555555556 0.36171875000000003 0.018055555555555557 0.010937500000000001
0 0.5583333333333333 0.37734375000000003 0.019444444444444445 0.010937500000000001
0 0.4305555555555556 0.33320312500000004 0.019444444444444445 0.01171875
0 0.26666666666666666 0.26953125 0.01388888888888889 0.009375000000000001
