0 0.29791666666666666 0.403125 0.015277777777777779 0.009375000000000001
0 0.2881944444444445 0.403125 0.018055555555555557 0.009375000000000001
0 0.6694444444444445 0.269140625 0.016666666666666666 0.01015625
0 0.6569444444444444 0.26953125 0.016666666666666666 0.009375000000000001
0 0.6472222222222223 0.40273437500000003 0.016666666666666666 0.01015625
0 0.2743055555555556 0.26796875000000003 0.018055555555555557 0.009375000000000001
0 0.40972222222222227 0.270703125 0.016666666666666666 0.01171875
0 0.29444444444444445 0.268359375 0.016666666666666666 0.01015625
0 0.6597222222222222 0.401171875 0.016666666666666666 0.01015625
0 0.5166666666666667 0.40742187500000004 0.019444444444444445 0.01015625
0 0.5930555555555556 0.36250000000000004 0.019444444444444445 0.010937500000000001
0 0.3819444444444445 0.26992187500000003 0.019444444444444445 0.01015625
0 0.32569444444444445 0.284765625 0.018055555555555557 0.01015625
0 0.35555555555555557 0.28515625 0.016666666666666666 0.009375000000000001
0 0.4881944444444445 0.30234375 0.020833333333333336 0.0125
0 0.46319444444444446 0.34921875 0.018055555555555557 0.010937500000000001
0 0.5430555555555556 0.318359375 0.019444444444444445 0.013281250000000001
0 0.6166666666666667 0.38906250000000003 0.016666666666666666 0.010937500000000001
0 0.43680555555555556 0.33359375 0.018055555555555557 0.010937500000000001
0 0.5659722222222222 0.377734375 0.020833333333333336 0.01171875
