0 0.6583333333333333 0.26328125 0.016666666666666666 0.009375000000000001
0 0.5444444444444445 0.31093750000000003 0.019444444444444445 0.0125
0 0.28194444444444444 0.39609375 0.016666666666666666 0.009375000000000001
0 0.6583333333333333 0.39570312500000004 0.019444444444444445 0.01171875
0 0.6708333333333334 0.26171875 0.016666666666666666 0.009375000000000001
0 0.29444444444444445 0.39687500000000003 0.016666666666666666 0.009375000000000001
0 0.6479166666666667 0.39609375 0.018055555555555557 0.009375000000000001
0 0.4083333333333333 0.26171875 0.019444444444444445 0.009375000000000001
0 0.5166666666666667 0.401171875 0.019444444444444445 0.01171875
0 0.2715277777777778 0.259375 0.015277777777777779 0.009375000000000001
0 0.6159722222222223 0.384375 0.018055555555555557 0.010937500000000001
0 0.29305555555555557 0.260546875 0.016666666666666666 0.01015625
0 0.4881944444444445 0.29531250000000003 0.020833333333333336 0.0125
0 0.35555555555555557 0.2765625 0.016666666666666666 0.009375000000000001
0 0.32569444444444445 0.27734375 0.018055555555555557 0.009375000000000001
0 0.3805555555555556 0.2625 0.019444444444444445 0.010937500000000001
0 0.46458333333333335 0.341796875 0.018055555555555557 0.01015625
0 0.5680555555555555 0.37148437500000003 0.019444444444444445 0.01171875
0 0.5930555555555556 0.35546875 0.019444444444444445 0.0125
0 0.43680555555555556 0.32539062500000004 0.018055555555555557 0.01015625
