0 0.3194444444444445 0.39687500000000003 0.019444444444444445 0.009375000000000001
0 0.7006944444444445 0.2609375 0.015277777777777779 0.009375000000000001
0 0.6881944444444444 0.26210937500000003 0.015277777777777779 0.01015625
0 0.30833333333333335 0.39687500000000003 0.025 0.010937500000000001
0 0.6930555555555555 0.39609375 0.016666666666666666 0.009375000000000001
0 0.29930555555555555 0.259375 0.015277777777777779 0.009375000000000001
0 0.6229166666666667 0.35664062500000004 0.018055555555555557 0.01015625
0 0.5729166666666667 0.311328125 0.020833333333333336 0.013281250000000001
0 0.43819444444444444 0.26171875 0.018055555555555557 0.0125
0 0.4916666666666667 0.341796875 0.019444444444444445 0.01171875
0 0.6444444444444445 0.3828125 0.019444444444444445 0.010937500000000001
0 0.5430555555555556 0.40156250000000004 0.019444444444444445 0.0125
0 0.6756944444444445 0.398046875 0.018055555555555557 0.01015625
0 0.3819444444444445 0.276171875 0.019444444444444445 0.01015625
0 0.35208333333333336 0.276171875 0.018055555555555557 0.01015625
0 0.46458333333333335 0.326171875 0.018055555555555557 0.01015625
0 0.5194444444444445 0.295703125 0.025 0.014843750000000001
0 0.4083333333333333 0.2609375 0.019444444444444445 0.0125
0 0.5944444444444444 0.37148437500000003 0.019444444444444445 0.01171875
0 0.3194444444444445 0.259765625 0.01388888888888889 0.014843750000000001
