0 0.6069444444444445 0.31093750000000003 0.019444444444444445 0.0125
0 0.4118055555555556 0.275 0.018055555555555557 0.010937500000000001
0 0.3479166666666667 0.39921875 0.018055555555555557 0.009375000000000001
0 0.5770833333333334 0.401953125 0.018055555555555557 0.01015625
0 0.7444444444444445 0.260546875 0.01388888888888889 0.00859375
0 0.32708333333333334 0.257421875 0.018055555555555557 0.01015625
0 0.3472222222222222 0.25820312500000003 0.016666666666666666 0.01015625
0 0.3354166666666667 0.39921875 0.018055555555555557 0.010937500000000001
0 0.7256944444444444 0.398046875 0.018055555555555557 0.01015625
0 0.7104166666666667 0.39960937500000004 0.018055555555555557 0.01015625
0 0.6805555555555556 0.385546875 0.019444444444444445 0.01015625
0 0.5527777777777778 0.295703125 0.022222222222222223 0.013281250000000001
0 0.4708333333333333 0.2609375 0.019444444444444445 0.0125
0 0.6569444444444444 0.358203125 0.019444444444444445 0.01171875
0 0.6319444444444444 0.37421875000000004 0.019444444444444445 0.0125
0 0.3819444444444445 0.274609375 0.019444444444444445 0.01015625
0 0.4395833333333333 0.260546875 0.018055555555555557 0.01171875
0 0.4979166666666667 0.326953125 0.018055555555555557 0.01171875
0 0.5256944444444445 0.34296875000000004 0.020833333333333336 0.0125
0 0.7222222222222222 0.260546875 0.011111111111111112 0.01015625
