0 0.35347222222222224 0.25703125 0.04027777777777778 0.009375000000000001
0 0.3666666666666667 0.40273437500000003 0.016666666666666666 0.01015625
0 0.7743055555555556 0.260546875 0.018055555555555557 0.01015625
0 0.3506944444444445 0.401953125 0.018055555555555557 0.01015625
0 0.7618055555555556 0.2609375 0.015277777777777779 0.009375000000000001
0 0.40069444444444446 0.275 0.018055555555555557 0.009375000000000001
0 0.7618055555555556 0.401953125 0.018055555555555557 0.01015625
0 0.3680555555555556 0.255859375 0.016666666666666666 0.01015625
0 0.34305555555555556 0.25625000000000003 0.016666666666666666 0.009375000000000001
0 0.6055555555555556 0.409765625 0.019444444444444445 0.01015625
0 0.49444444444444446 0.259765625 0.019444444444444445 0.01015625
0 0.43194444444444446 0.275 0.019444444444444445 0.010937500000000001
0 0.6381944444444445 0.3125 0.020833333333333336 0.0125
0 0.5819444444444445 0.29531250000000003 0.022222222222222223 0.0140625
0 0.6881944444444444 0.361328125 0.020833333333333336 0.013281250000000001
0 0.46319444444444446 0.25859375 0.020833333333333336 0.0125
0 0.7416666666666667 0.405078125 0.016666666666666666 0.01015625
0 0.7097222222222223 0.390625 0.019444444444444445 0.0125
0 0.6583333333333333 0.376953125 0.019444444444444445 0.01171875
0 0.5208333333333334 0.32929687500000004 0.022222222222222223 0.013281250000000001
0 0.5493055555555556 0.345703125 0.018055555555555557 0.01171875
