0 0.31180555555555556 0.40546875000000004 0.018055555555555557 0.009375000000000001
0 0.7270833333333334 0.405859375 0.018055555555555557 0.01015625
0 0.33055555555555555 0.408203125 0.019444444444444445 0.01015625
0 0.5708333333333333 0.415625 0.019444444444444445 0.010937500000000001
0 0.7444444444444445 0.2609375 0.016666666666666666 0.009375000000000001
0 0.5465277777777778 0.30000000000000004 0.02361111111111111 0.0140625
0 0.7319444444444445 0.262890625 0.019444444444444445 0.01015625
0 0.7131944444444445 0.408203125 0.018055555555555557 0.01015625
0 0.4569444444444445 0.2609375 0.019444444444444445 0.0125
0 0.6569444444444444 0.36484375 0.019444444444444445 0.0125
0 0.3055555555555556 0.25820312500000003 0.016666666666666666 0.01015625
0 0.4256944444444445 0.26171875 0.020833333333333336 0.0125
0 0.32916666666666666 0.259375 0.019444444444444445 0.010937500000000001
0 0.39583333333333337 0.27734375 0.019444444444444445 0.0125
0 0.6041666666666667 0.31562500000000004 0.022222222222222223 0.0125
0 0.36458333333333337 0.278125 0.018055555555555557 0.010937500000000001
0 0.6819444444444445 0.393359375 0.019444444444444445 0.01171875
0 0.6270833333333333 0.382421875 0.020833333333333336 0.013281250000000001
0 0.48680555555555555 0.33203125 0.020833333333333336 0.0125
0 0.5166666666666667 0.34921875 0.022222222222222223 0.0125
