0 0.5555555555555556 0.40937500000000004 0.019444444444444445 0.0125
0 0.7194444444444444 0.401171875 0.019444444444444445 0.01015625
0 0.31180555555555556 0.40156250000000004 0.018055555555555557 0.009375000000000001
0 0.2833333333333333 0.25039062500000003 0.019444444444444445 0.01015625
0 0.7333333333333334 0.251953125 0.019444444444444445 0.01015625
0 0.7159722222222222 0.25390625 0.015277777777777779 0.009375000000000001
0 0.29305555555555557 0.40078125000000003 0.016666666666666666 0.009375000000000001
0 0.43680555555555556 0.252734375 0.020833333333333336 0.013281250000000001
0 0.40555555555555556 0.25429687500000003 0.022222222222222223 0.013281250000000001
0 0.37430555555555556 0.27187500000000003 0.018055555555555557 0.0125
0 0.6131944444444445 0.37734375000000003 0.020833333333333336 0.0125
0 0.6993055555555556 0.40273437500000003 0.018055555555555557 0.01015625
0 0.5270833333333333 0.291796875 0.02361111111111111 0.014843750000000001
0 0.3055555555555556 0.25078125 0.019444444444444445 0.010937500000000001
0 0.34305555555555556 0.27109375 0.019444444444444445 0.0125
0 0.4979166666666667 0.343359375 0.020833333333333336 0.013281250000000001
0 0.46805555555555556 0.326953125 0.019444444444444445 0.013281250000000001
0 0.5888888888888889 0.30898437500000003 0.025 0.014843750000000001
0 0.6409722222222223 0.35859375000000004 0.020833333333333336 0.0125
0 0.6659722222222223 0.38906250000000003 0.020833333333333336 0.0125
