0 0.23055555555555557 0.39609375 0.016666666666666666 0.009375000000000001
0 0.7006944444444445 0.234765625 0.018055555555555557 0.01015625
0 0.5104166666666667 0.40351562500000004 0.018055555555555557 0.01015625
0 0.21319444444444446 0.23359375000000002 0.018055555555555557 0.009375000000000001
0 0.6805555555555556 0.23554687500000002 0.019444444444444445 0.01015625
0 0.6930555555555555 0.39179687500000004 0.016666666666666666 0.01015625
0 0.34444444444444444 0.23593750000000002 0.025 0.0140625
0 0.24930555555555556 0.396484375 0.018055555555555557 0.01015625
0 0.37777777777777777 0.23593750000000002 0.025 0.0140625
0 0.47708333333333336 0.2765625 0.02361111111111111 0.0140625
0 0.23819444444444446 0.23359375000000002 0.018055555555555557 0.0125
0 0.5729166666666667 0.36796875 0.020833333333333336 0.0125
0 0.27847222222222223 0.25546875 0.020833333333333336 0.0125
0 0.31319444444444444 0.25546875 0.020833333333333336 0.0125
0 0.6680555555555556 0.39609375 0.016666666666666666 0.010937500000000001
0 0.4138888888888889 0.314453125 0.025 0.013281250000000001
0 0.6319444444444444 0.38046875 0.022222222222222223 0.0125
0 0.5423611111111112 0.29531250000000003 0.02638888888888889 0.015625
0 0.6055555555555556 0.34921875 0.025 0.0140625
0 0.4465277777777778 0.33242187500000003 0.02361111111111111 0.014843750000000001
