0 0.21458333333333335 0.41054687500000003 0.018055555555555557 0.01015625
0 0.23680555555555557 0.412109375 0.015277777777777779 0.01015625
0 0.21458333333333335 0.23945312500000002 0.018055555555555557 0.01015625
0 0.7131944444444445 0.23750000000000002 0.018055555555555557 0.010937500000000001
0 0.18958333333333335 0.23945312500000002 0.018055555555555557 0.01015625
0 0.6881944444444444 0.238671875 0.018055555555555557 0.01015625
0 0.32569444444444445 0.24296875 0.02361111111111111 0.015625
0 0.5069444444444444 0.41914062500000004 0.019444444444444445 0.01015625
0 0.6381944444444445 0.394140625 0.020833333333333336 0.014843750000000001
0 0.3652777777777778 0.242578125 0.025 0.014843750000000001
0 0.7034722222222223 0.40546875000000004 0.015277777777777779 0.009375000000000001
0 0.5743055555555556 0.38046875 0.020833333333333336 0.0125
0 0.5430555555555556 0.304296875 0.025 0.014843750000000001
0 0.26180555555555557 0.26328125 0.020833333333333336 0.0125
0 0.40347222222222223 0.32539062500000004 0.02638888888888889 0.014843750000000001
0 0.6784722222222223 0.41054687500000003 0.018055555555555557 0.01171875
0 0.6090277777777778 0.35976562500000003 0.02361111111111111 0.014843750000000001
0 0.47222222222222227 0.283984375 0.02777777777777778 0.01640625
0 0.29444444444444445 0.263671875 0.019444444444444445 0.013281250000000001
0 0.44027777777777777 0.345703125 0.025 0.014843750000000001
