0 0.7569444444444444 0.23554687500000002 0.044444444444444446 0.01015625
0 0.2569444444444445 0.41054687500000003 0.016666666666666666 0.01015625
0 0.23472222222222222 0.236328125 0.016666666666666666 0.01015625
0 0.7569444444444444 0.405859375 0.016666666666666666 0.01015625
0 0.5604166666666667 0.41835937500000003 0.020833333333333336 0.013281250000000001
0 0.6909722222222222 0.39492187500000003 0.020833333333333336 0.013281250000000001
0 0.7694444444444445 0.234375 0.019444444444444445 0.010937500000000001
0 0.26319444444444445 0.23750000000000002 0.018055555555555557 0.010937500000000001
0 0.4152777777777778 0.23984375000000002 0.025 0.0140625
0 0.7444444444444445 0.23593750000000002 0.019444444444444445 0.010937500000000001
0 0.30694444444444446 0.260546875 0.022222222222222223 0.013281250000000001
0 0.34444444444444444 0.2609375 0.022222222222222223 0.0125
0 0.37569444444444444 0.23984375000000002 0.02638888888888889 0.015625
0 0.5958333333333333 0.30078125 0.025 0.015625
0 0.7305555555555556 0.41054687500000003 0.019444444444444445 0.01015625
0 0.4881944444444445 0.34375 0.02638888888888889 0.015625
0 0.4534722222222222 0.32343750000000004 0.02638888888888889 0.0140625
0 0.5256944444444445 0.28203125 0.029166666666666667 0.0171875
0 0.6611111111111111 0.358984375 0.025 0.014843750000000001
0 0.6291666666666667 0.38046875 0.025 0.015625
0 0.28055555555555556 0.41132812500000004 0.008333333333333333 0.00859375
