0 0.26180555555555557 0.424609375 0.018055555555555557 0.01015625
0 0.7520833333333333 0.25546875 0.018055555555555557 0.009375000000000001
0 0.28194444444444444 0.42617187500000003 0.01388888888888889 0.00859375
0 0.7291666666666667 0.2578125 0.016666666666666666 0.010937500000000001
0 0.37222222222222223 0.262890625 0.022222222222222223 0.014843750000000001
0 0.23958333333333334 0.25859375 0.018055555555555557 0.009375000000000001
0 0.40902777777777777 0.2625 0.02361111111111111 0.0140625
0 0.5458333333333334 0.434375 0.022222222222222223 0.0125
0 0.7416666666666667 0.421875 0.019444444444444445 0.010937500000000001
0 0.26319444444444445 0.258984375 0.018055555555555557 0.01015625
0 0.6777777777777778 0.409765625 0.025 0.014843750000000001
0 0.6458333333333334 0.376953125 0.022222222222222223 0.013281250000000001
0 0.7166666666666667 0.424609375 0.016666666666666666 0.01171875
0 0.30694444444444446 0.282421875 0.019444444444444445 0.013281250000000001
0 0.34097222222222223 0.28164062500000003 0.020833333333333336 0.014843750000000001
0 0.4444444444444445 0.341796875 0.025 0.014843750000000001
0 0.5131944444444445 0.30312500000000003 0.029166666666666667 0.015625
0 0.6131944444444445 0.39687500000000003 0.02361111111111111 0.0140625
0 0.48194444444444445 0.36171875000000003 0.025 0.0140625
0 0.5819444444444445 0.323046875 0.02777777777777778 0.01640625
