0 0.23333333333333334 0.423828125 0.016666666666666666 0.01015625
0 0.24930555555555556 0.42500000000000004 0.018055555555555557 0.010937500000000001
0 0.7166666666666667 0.255859375 0.016666666666666666 0.01171875
0 0.20694444444444446 0.26015625000000003 0.016666666666666666 0.009375000000000001
0 0.2729166666666667 0.28203125 0.020833333333333336 0.0125
0 0.6909722222222222 0.259765625 0.015277777777777779 0.01015625
0 0.23333333333333334 0.259765625 0.019444444444444445 0.01015625
0 0.36944444444444446 0.26210937500000003 0.025 0.014843750000000001
0 0.3055555555555556 0.283203125 0.019444444444444445 0.013281250000000001
0 0.3340277777777778 0.26328125 0.02361111111111111 0.0125
0 0.6819444444444445 0.424609375 0.019444444444444445 0.01171875
0 0.5131944444444445 0.43281250000000004 0.02361111111111111 0.0140625
0 0.7083333333333334 0.421484375 0.019444444444444445 0.01171875
0 0.6097222222222223 0.37734375000000003 0.025 0.0140625
0 0.5750000000000001 0.39609375 0.025 0.015625
0 0.6395833333333334 0.41171875 0.02361111111111111 0.0140625
0 0.4756944444444445 0.302734375 0.029166666666666667 0.01640625
0 0.4083333333333333 0.342578125 0.025 0.014843750000000001
0 0.4444444444444445 0.36171875000000003 0.025 0.015625
0 0.5444444444444445 0.32265625000000003 0.02777777777777778 0.015625
