0 0.57578125 0.8708333333333333 0.009375000000000001 0.016666666666666666
0 0.45703125 0.8319444444444445 0.0078125 0.01388888888888889
0 0.46132812500000003 0.4881944444444445 0.00859375 0.018055555555555557
0 0.46132812500000003 0.47708333333333336 0.00859375 0.015277777777777779
0 0.45742187500000003 0.8520833333333334 0.00859375 0.015277777777777779
0 0.57734375 0.49930555555555556 0.0078125 0.015277777777777779
0 0.576171875 0.8479166666666667 0.00859375 0.018055555555555557
0 0.5769531250000001 0.4756944444444445 0.00859375 0.015277777777777779
0 0.46015625000000004 0.4986111111111111 0.0078125 0.016666666666666666
0 0.55078125 0.5340277777777778 0.009375000000000001 0.018055555555555557
0 0.45703125 0.7986111111111112 0.0078125 0.016666666666666666
0 0.48281250000000003 0.7506944444444444 0.0078125 0.015277777777777779
0 0.46992187500000004 0.7736111111111111 0.00859375 0.016666666666666666
0 0.5484375 0.6319444444444444 0.009375000000000001 0.016666666666666666
0 0.562109375 0.6069444444444445 0.00859375 0.016666666666666666
0 0.49609375 0.7277777777777779 0.0078125 0.016666666666666666
0 0.5632812500000001 0.5583333333333333 0.009375000000000001 0.016666666666666666
0 0.53515625 0.6548611111111111 0.009375000000000001 0.015277777777777779
0 0.509375 0.7041666666666667 0.0078125 0.016666666666666666
0 0.57734375 0.5819444444444445 0.009375000000000001 0.016666666666666666
0 0.521484375 0.6784722222222223 0.00859375 0.015277777777777779
