0 0.5242187500000001 0.8680555555555556 0.009375000000000001 0.03333333333333333
0 0.515625 0.6256944444444444 0.009375000000000001 0.018055555555555557
0 0.40625 0.8444444444444444 0.009375000000000001 0.016666666666666666
0 0.52734375 0.8569444444444445 0.009375000000000001 0.016666666666666666
0 0.41445312500000003 0.4881944444444445 0.00859375 0.015277777777777779
0 0.405078125 0.8631944444444445 0.01015625 0.018055555555555557
0 0.525 0.8819444444444445 0.009375000000000001 0.016666666666666666
0 0.533203125 0.49236111111111114 0.00859375 0.015277777777777779
0 0.532421875 0.5972222222222222 0.00859375 0.016666666666666666
0 0.5171875 0.6215277777777778 0.009375000000000001 0.015277777777777779
0 0.41328125000000004 0.5083333333333333 0.009375000000000001 0.01388888888888889
0 0.5328125 0.5152777777777778 0.009375000000000001 0.016666666666666666
0 0.517578125 0.5743055555555556 0.00859375 0.015277777777777779
0 0.46132812500000003 0.7166666666666667 0.00859375 0.016666666666666666
0 0.43359375 0.7631944444444445 0.009375000000000001 0.018055555555555557
0 0.4890625 0.6694444444444445 0.009375000000000001 0.019444444444444445
0 0.47578125000000004 0.6930555555555555 0.009375000000000001 0.016666666666666666
0 0.505078125 0.5493055555555556 0.01015625 0.018055555555555557
0 0.44765625000000003 0.7402777777777778 0.009375000000000001 0.016666666666666666
0 0.40625 0.8104166666666667 0.009375000000000001 0.018055555555555557
0 0.41953125 0.7861111111111111 0.009375000000000001 0.016666666666666666
0 0.50390625 0.6444444444444445 0.009375000000000001 0.016666666666666666
