0 0.62890625 0.8506944444444445 0.009375000000000001 0.018055555555555557
0 0.512109375 0.7993055555555556 0.00859375 0.020833333333333336
0 0.51171875 0.8131944444444444 0.009375000000000001 0.018055555555555557
0 0.6292968750000001 0.8305555555555556 0.01015625 0.019444444444444445
0 0.65390625 0.48541666666666666 0.009375000000000001 0.018055555555555557
0 0.536328125 0.4618055555555556 0.01015625 0.018055555555555557
0 0.54453125 0.7256944444444444 0.009375000000000001 0.018055555555555557
0 0.633984375 0.5618055555555556 0.01015625 0.018055555555555557
0 0.5144531250000001 0.7631944444444445 0.01015625 0.018055555555555557
0 0.65234375 0.5069444444444444 0.009375000000000001 0.016666666666666666
0 0.574609375 0.6854166666666667 0.01015625 0.018055555555555557
0 0.6238281250000001 0.5340277777777778 0.01015625 0.018055555555555557
0 0.63203125 0.6069444444444445 0.009375000000000001 0.016666666666666666
0 0.558203125 0.7034722222222223 0.01015625 0.018055555555555557
0 0.58828125 0.6659722222222223 0.009375000000000001 0.018055555555555557
0 0.535546875 0.4798611111111111 0.01015625 0.018055555555555557
0 0.6179687500000001 0.6256944444444444 0.009375000000000001 0.018055555555555557
0 0.52890625 0.7444444444444445 0.009375000000000001 0.019444444444444445
0 0.602734375 0.6465277777777778 0.00859375 0.018055555555555557
