0 0.67890625 0.5784722222222223 0.009375000000000001 0.029166666666666667
0 0.7039062500000001 0.5131944444444445 0.010937500000000001 0.020833333333333336
0 0.615234375 0.6458333333333334 0.00859375 0.016666666666666666
0 0.52578125 0.7444444444444445 0.009375000000000001 0.016666666666666666
0 0.703125 0.5229166666666667 0.010937500000000001 0.018055555555555557
0 0.633984375 0.8256944444444445 0.01015625 0.018055555555555557
0 0.589453125 0.44930555555555557 0.01015625 0.018055555555555557
0 0.6781250000000001 0.5673611111111111 0.009375000000000001 0.018055555555555557
0 0.705078125 0.5027777777777778 0.01015625 0.019444444444444445
0 0.52890625 0.7111111111111111 0.0078125 0.016666666666666666
0 0.591796875 0.42847222222222225 0.01015625 0.018055555555555557
0 0.669921875 0.5361111111111111 0.01015625 0.019444444444444445
0 0.548046875 0.6972222222222223 0.00859375 0.016666666666666666
0 0.564453125 0.6881944444444444 0.00859375 0.018055555555555557
0 0.58203125 0.6756944444444445 0.009375000000000001 0.018055555555555557
0 0.685546875 0.5972222222222222 0.01015625 0.016666666666666666
0 0.599609375 0.6618055555555555 0.01015625 0.018055555555555557
0 0.6667968750000001 0.6111111111111112 0.00859375 0.016666666666666666
0 0.6332031250000001 0.6361111111111112 0.00859375 0.016666666666666666
