0 0.73203125 0.5131944444444445 0.010937500000000001 0.020833333333333336
0 0.7156250000000001 0.5756944444444445 0.010937500000000001 0.020833333333333336
0 0.609375 0.820138888888889 0.009375000000000001 0.0375
0 0.6101562500000001 0.8534722222222223 0.009375000000000001 0.018055555555555557
0 0.609375 0.8069444444444445 0.010937500000000001 0.019444444444444445
0 0.6125 0.5006944444444444 0.009375000000000001 0.018055555555555557
0 0.6101562500000001 0.8430555555555556 0.010937500000000001 0.019444444444444445
0 0.7289062500000001 0.8694444444444445 0.009375000000000001 0.016666666666666666
0 0.73203125 0.5243055555555556 0.010937500000000001 0.020833333333333336
0 0.6109375 0.5194444444444445 0.009375000000000001 0.016666666666666666
0 0.7308593750000001 0.5048611111111111 0.01015625 0.018055555555555557
0 0.705078125 0.5569444444444445 0.01015625 0.019444444444444445
0 0.7292968750000001 0.8486111111111111 0.00859375 0.016666666666666666
0 0.6214843750000001 0.7861111111111111 0.01015625 0.019444444444444445
0 0.71796875 0.5819444444444445 0.009375000000000001 0.019444444444444445
0 0.7039062500000001 0.6506944444444445 0.009375000000000001 0.018055555555555557
0 0.71640625 0.6270833333333333 0.009375000000000001 0.018055555555555557
0 0.6492187500000001 0.7416666666666667 0.009375000000000001 0.016666666666666666
0 0.66328125 0.7194444444444444 0.009375000000000001 0.016666666666666666
0 0.690625 0.6722222222222223 0.009375000000000001 0.016666666666666666
0 0.6355468750000001 0.7618055555555556 0.01015625 0.018055555555555557
0 0.6765625000000001 0.6944444444444444 0.009375000000000001 0.016666666666666666
0 0.7308593750000001 0.6048611111111112 0.01015625 0.018055555555555557
