0 0.6609375000000001 0.8340277777777778 0.010937500000000001 0.020833333333333336
0 0.6882812500000001 0.7256944444444444 0.009375000000000001 0.02361111111111111
0 0.779296875 0.8284722222222223 0.00859375 0.015277777777777779
0 0.7781250000000001 0.8069444444444445 0.0078125 0.01388888888888889
0 0.595703125 0.5611111111111111 0.00859375 0.016666666666666666
0 0.705078125 0.4916666666666667 0.01015625 0.019444444444444445
0 0.689453125 0.5569444444444445 0.01171875 0.022222222222222223
0 0.667578125 0.8881944444444445 0.01015625 0.018055555555555557
0 0.708203125 0.5694444444444444 0.01015625 0.019444444444444445
0 0.70703125 0.4979166666666667 0.010937500000000001 0.020833333333333336
0 0.59765625 0.5805555555555556 0.010937500000000001 0.019444444444444445
0 0.7175781250000001 0.6131944444444445 0.01015625 0.018055555555555557
0 0.7250000000000001 0.5819444444444445 0.009375000000000001 0.019444444444444445
0 0.694921875 0.7034722222222223 0.01015625 0.018055555555555557
0 0.66953125 0.9034722222222222 0.010937500000000001 0.018055555555555557
0 0.7019531250000001 0.6736111111111112 0.01015625 0.016666666666666666
0 0.6707031250000001 0.7944444444444445 0.00859375 0.016666666666666666
0 0.657421875 0.8569444444444445 0.01015625 0.019444444444444445
0 0.6804687500000001 0.7611111111111112 0.009375000000000001 0.016666666666666666
0 0.71015625 0.6409722222222223 0.010937500000000001 0.018055555555555557
0 0.6644531250000001 0.8222222222222223 0.01015625 0.019444444444444445
0 0.6875 0.7354166666666667 0.009375000000000001 0.018055555555555557
