0 0.66015625 0.49583333333333335 0.010937500000000001 0.019444444444444445
0 0.66328125 0.5965277777777778 0.010937500000000001 0.018055555555555557
0 0.6765625000000001 0.8236111111111112 0.009375000000000001 0.016666666666666666
0 0.6824218750000001 0.8354166666666667 0.01015625 0.018055555555555557
0 0.626171875 0.4979166666666667 0.01171875 0.020833333333333336
0 0.6625000000000001 0.6631944444444444 0.010937500000000001 0.018055555555555557
0 0.661328125 0.6305555555555555 0.01171875 0.019444444444444445
0 0.662109375 0.7965277777777778 0.00859375 0.018055555555555557
0 0.661328125 0.7284722222222223 0.01015625 0.018055555555555557
0 0.6605468750000001 0.6944444444444444 0.01171875 0.019444444444444445
0 0.6605468750000001 0.7631944444444445 0.01015625 0.018055555555555557
