0 0.54296875 0.5291666666666667 0.010937500000000001 0.019444444444444445
0 0.6039062500000001 0.7215277777777778 0.010937500000000001 0.034722222222222224
0 0.6371093750000001 0.8152777777777778 0.013281250000000001 0.022222222222222223
0 0.53046875 0.46944444444444444 0.0140625 0.025
0 0.5769531250000001 0.5458333333333334 0.01171875 0.019444444444444445
0 0.585546875 0.6055555555555556 0.01015625 0.016666666666666666
0 0.5339843750000001 0.4756944444444445 0.01640625 0.02638888888888889
0 0.46953125 0.6416666666666667 0.010937500000000001 0.019444444444444445
0 0.4765625 0.6444444444444445 0.010937500000000001 0.019444444444444445
0 0.5964843750000001 0.6680555555555556 0.01171875 0.016666666666666666
0 0.60703125 0.7298611111111112 0.010937500000000001 0.018055555555555557
0 0.58203125 0.5756944444444445 0.010937500000000001 0.018055555555555557
0 0.63203125 0.8118055555555556 0.0125 0.020833333333333336
0 0.5925781250000001 0.6381944444444445 0.01015625 0.018055555555555557
0 0.614453125 0.7944444444444445 0.01015625 0.019444444444444445
0 0.599609375 0.6972222222222223 0.01171875 0.019444444444444445
0 0.537109375 0.5284722222222222 0.01015625 0.018055555555555557
0 0.57265625 0.5159722222222223 0.0125 0.020833333333333336
0 0.6101562500000001 0.7631944444444445 0.010937500000000001 0.020833333333333336
0 0.555078125 0.5236111111111111 0.01015625 0.019444444444444445
