0 0.52890625 0.7916666666666667 0.009375000000000001 0.025
0 0.552734375 0.8444444444444444 0.01015625 0.016666666666666666
0 0.6101562500000001 0.6666666666666667 0.009375000000000001 0.016666666666666666
0 0.605078125 0.6618055555555555 0.01171875 0.018055555555555557
0 0.60078125 0.6618055555555555 0.009375000000000001 0.018055555555555557
0 0.4453125 0.5173611111111112 0.0140625 0.02361111111111111
0 0.508203125 0.6756944444444445 0.01015625 0.015277777777777779
0 0.49140625000000004 0.5847222222222223 0.009375000000000001 0.016666666666666666
0 0.39140625 0.6944444444444444 0.010937500000000001 0.019444444444444445
0 0.535546875 0.8256944444444445 0.00859375 0.015277777777777779
0 0.525 0.7659722222222223 0.009375000000000001 0.015277777777777779
0 0.51953125 0.7368055555555556 0.009375000000000001 0.015277777777777779
0 0.487109375 0.5548611111111111 0.01015625 0.018055555555555557
0 0.52890625 0.7958333333333334 0.009375000000000001 0.016666666666666666
0 0.498046875 0.6145833333333334 0.00859375 0.015277777777777779
0 0.452734375 0.5756944444444445 0.01015625 0.018055555555555557
0 0.503125 0.6444444444444445 0.009375000000000001 0.016666666666666666
0 0.46992187500000004 0.5659722222222222 0.01015625 0.018055555555555557
0 0.513671875 0.7048611111111112 0.00859375 0.015277777777777779
