0 0.485547 0.764583 0.008594 0.015278
0 0.600000 0.850694 0.009375 0.018056
0 0.648047 0.461806 0.008594 0.015278
0 0.530078 0.419444 0.008594 0.013889
0 0.537109 0.677778 0.008594 0.016667
0 0.646094 0.483333 0.009375 0.016667
0 0.527734 0.440278 0.008594 0.013889
0 0.482812 0.786806 0.007812 0.015278
0 0.603125 0.827083 0.009375 0.018056
0 0.635938 0.568750 0.009375 0.018056
0 0.505078 0.715278 0.008594 0.016667
0 0.568359 0.642361 0.008594 0.015278
0 0.624219 0.538889 0.009375 0.016667
0 0.614062 0.509028 0.009375 0.018056
0 0.552734 0.660417 0.008594 0.015278
0 0.520703 0.697222 0.008594 0.016667
0 0.585156 0.624306 0.009375 0.018056
0 0.618359 0.587500 0.008594 0.016667
0 0.488672 0.731944 0.008594 0.016667
0 0.601172 0.605556 0.008594 0.016667
