0 0.395833 0.331641 0.016667 0.010156
0 0.675694 0.428516 0.018056 0.008594
0 0.324306 0.314063 0.018056 0.009375
0 0.347917 0.433984 0.009722 0.008594
0 0.681944 0.312109 0.011111 0.008594
0 0.665972 0.312109 0.009722 0.010156
0 0.588889 0.410938 0.016667 0.010937
0 0.332639 0.434375 0.009722 0.009375
0 0.662500 0.430859 0.008333 0.008594
0 0.612500 0.395703 0.016667 0.010156
0 0.566667 0.358984 0.019444 0.011719
0 0.338194 0.316016 0.018056 0.010156
0 0.518056 0.344141 0.019444 0.011719
0 0.417361 0.316406 0.018056 0.010937
0 0.445833 0.316406 0.016667 0.009375
0 0.372222 0.330078 0.016667 0.010156
0 0.495139 0.386719 0.018056 0.010937
0 0.632639 0.418359 0.018056 0.011719
0 0.470139 0.373047 0.018056 0.010156
0 0.543750 0.436719 0.020833 0.010937
