0 0.324306 0.313281 0.018056 0.009375
0 0.346528 0.433594 0.018056 0.010937
0 0.681250 0.428125 0.015278 0.009375
0 0.678472 0.310937 0.018056 0.010937
0 0.338194 0.433203 0.018056 0.010156
0 0.590278 0.410156 0.016667 0.010937
0 0.671528 0.311719 0.018056 0.009375
0 0.567361 0.357812 0.018056 0.012500
0 0.612500 0.394531 0.016667 0.010937
0 0.663194 0.430469 0.012500 0.009375
0 0.339583 0.315234 0.018056 0.010156
0 0.519444 0.343359 0.019444 0.011719
0 0.418750 0.315625 0.018056 0.010937
0 0.372917 0.329297 0.018056 0.010156
0 0.446528 0.316016 0.018056 0.010156
0 0.634028 0.418359 0.018056 0.011719
0 0.495139 0.385547 0.018056 0.011719
0 0.470139 0.372656 0.018056 0.010937
0 0.544444 0.437109 0.019444 0.010156
0 0.393750 0.329688 0.020833 0.009375
