0 0.324306 0.312891 0.018056 0.010156
0 0.346528 0.433203 0.018056 0.010156
0 0.679861 0.310547 0.018056 0.010156
0 0.681250 0.427344 0.015278 0.009375
0 0.338194 0.433203 0.018056 0.010156
0 0.671528 0.311328 0.018056 0.010156
0 0.567361 0.357812 0.018056 0.012500
0 0.590278 0.409766 0.016667 0.010156
0 0.339583 0.314453 0.018056 0.010156
0 0.665278 0.429297 0.016667 0.010156
0 0.612500 0.394531 0.016667 0.010937
0 0.518056 0.342578 0.019444 0.011719
0 0.634028 0.417969 0.018056 0.010937
0 0.418750 0.314844 0.018056 0.010937
0 0.372917 0.328906 0.018056 0.010937
0 0.446528 0.315234 0.018056 0.010156
0 0.495833 0.385156 0.019444 0.010937
0 0.471528 0.372266 0.018056 0.010156
0 0.393750 0.330078 0.015278 0.011719
0 0.541667 0.434766 0.019444 0.010156
