0 0.323611 0.313281 0.016667 0.009375
0 0.681250 0.427734 0.015278 0.008594
0 0.346528 0.433203 0.018056 0.010156
0 0.677083 0.310547 0.018056 0.010156
0 0.567361 0.357812 0.018056 0.012500
0 0.337500 0.433203 0.019444 0.010156
0 0.670833 0.311328 0.016667 0.010156
0 0.590278 0.410156 0.016667 0.010937
0 0.663194 0.430078 0.009722 0.008594
0 0.338889 0.315234 0.016667 0.010156
0 0.612500 0.394531 0.016667 0.010937
0 0.633333 0.417969 0.016667 0.010937
0 0.418056 0.314844 0.019444 0.010937
0 0.518056 0.342578 0.019444 0.011719
0 0.445139 0.315234 0.018056 0.010156
0 0.371528 0.328906 0.018056 0.010937
0 0.495139 0.385156 0.018056 0.010937
0 0.470139 0.371875 0.018056 0.010937
0 0.544444 0.435937 0.016667 0.010937
0 0.395833 0.329688 0.016667 0.012500
