0 0.324306 0.313281 0.018056 0.009375
0 0.681250 0.428125 0.015278 0.009375
0 0.346528 0.433594 0.018056 0.010937
0 0.677778 0.310547 0.016667 0.010156
0 0.567361 0.358203 0.018056 0.011719
0 0.337500 0.433203 0.019444 0.010156
0 0.590278 0.410156 0.016667 0.010937
0 0.670833 0.311719 0.016667 0.009375
0 0.665972 0.429297 0.018056 0.010156
0 0.612500 0.394531 0.016667 0.010937
0 0.339583 0.315234 0.018056 0.010156
0 0.518056 0.343359 0.019444 0.011719
0 0.633333 0.417969 0.016667 0.010937
0 0.446528 0.315234 0.018056 0.010156
0 0.372917 0.329297 0.018056 0.010156
0 0.418750 0.315234 0.018056 0.010156
0 0.495139 0.385547 0.018056 0.010156
0 0.471528 0.372656 0.018056 0.010937
0 0.545139 0.436328 0.018056 0.010156
0 0.395139 0.328516 0.012500 0.011719
