0 0.322222 0.311719 0.016667 0.009375
0 0.677778 0.427344 0.022222 0.009375
0 0.677083 0.309375 0.018056 0.010937
0 0.567361 0.356641 0.018056 0.011719
0 0.337500 0.313281 0.019444 0.010937
0 0.670833 0.310937 0.016667 0.009375
0 0.590278 0.408984 0.016667 0.010156
0 0.667361 0.428125 0.018056 0.010937
0 0.612500 0.393750 0.016667 0.010937
0 0.632639 0.417187 0.018056 0.010937
0 0.418056 0.314063 0.019444 0.010937
0 0.518056 0.341797 0.019444 0.011719
0 0.444444 0.314063 0.019444 0.010937
0 0.495139 0.384766 0.018056 0.011719
0 0.371528 0.328125 0.018056 0.010937
0 0.470139 0.370312 0.018056 0.010937
0 0.395833 0.328906 0.016667 0.009375
0 0.543750 0.435156 0.018056 0.012500
0 0.332639 0.432422 0.012500 0.008594
0 0.347917 0.432812 0.012500 0.007812
