0 0.334722 0.430469 0.019444 0.010937
0 0.343056 0.431250 0.016667 0.009375
0 0.676389 0.308203 0.016667 0.010156
0 0.320833 0.310937 0.016667 0.009375
0 0.669444 0.309375 0.016667 0.009375
0 0.337500 0.311719 0.016667 0.009375
0 0.588889 0.408594 0.016667 0.010937
0 0.417361 0.313281 0.018056 0.010937
0 0.565972 0.355469 0.018056 0.012500
0 0.612500 0.392578 0.016667 0.010156
0 0.443056 0.313281 0.019444 0.010937
0 0.518056 0.341016 0.019444 0.011719
0 0.631250 0.415625 0.018056 0.010937
0 0.370139 0.326953 0.018056 0.010156
0 0.493750 0.383203 0.018056 0.010156
0 0.468750 0.369141 0.018056 0.010156
0 0.393750 0.328906 0.018056 0.010937
0 0.543056 0.435156 0.016667 0.010937
0 0.657639 0.428125 0.012500 0.009375
0 0.677083 0.425391 0.015278 0.008594
