0 0.341667 0.428516 0.011111 0.008594
0 0.672222 0.424219 0.013889 0.009375
0 0.669444 0.307031 0.016667 0.009375
0 0.673611 0.305469 0.016667 0.009375
0 0.318750 0.309375 0.015278 0.009375
0 0.659028 0.425781 0.009722 0.007812
0 0.333333 0.309375 0.016667 0.009375
0 0.366667 0.323828 0.016667 0.010156
0 0.512500 0.338672 0.019444 0.011719
0 0.440278 0.310937 0.016667 0.009375
0 0.413194 0.310937 0.018056 0.010937
0 0.489583 0.380078 0.018056 0.010156
0 0.607639 0.389453 0.018056 0.011719
0 0.584722 0.405859 0.019444 0.010156
0 0.561806 0.351953 0.018056 0.011719
0 0.465972 0.366406 0.018056 0.010937
0 0.628472 0.412500 0.018056 0.010937
0 0.389583 0.324219 0.015278 0.010937
0 0.327083 0.430078 0.012500 0.008594
0 0.537500 0.432031 0.013889 0.012500
