0 0.425694 0.307031 0.043056 0.009375
0 0.537500 0.428516 0.016667 0.010156
0 0.339583 0.425781 0.009722 0.010937
0 0.668750 0.421484 0.009722 0.010156
0 0.581250 0.403516 0.018056 0.010156
0 0.557639 0.350000 0.018056 0.010937
0 0.604861 0.388281 0.018056 0.010937
0 0.486806 0.377734 0.018056 0.010156
0 0.438194 0.307422 0.018056 0.010156
0 0.510417 0.336328 0.018056 0.011719
0 0.411111 0.307812 0.019444 0.010937
0 0.463889 0.364063 0.019444 0.010937
0 0.625000 0.411719 0.016667 0.010937
0 0.363194 0.321484 0.018056 0.010156
0 0.312500 0.305469 0.011111 0.007812
0 0.332639 0.306641 0.012500 0.008594
0 0.387500 0.321484 0.016667 0.011719
0 0.660417 0.303516 0.009722 0.008594
0 0.677778 0.303516 0.011111 0.008594
0 0.324306 0.427734 0.012500 0.008594
0 0.652778 0.423828 0.011111 0.008594
