0 0.323611 0.424219 0.016667 0.009375
0 0.668056 0.419531 0.008333 0.010937
0 0.659722 0.301172 0.016667 0.008594
0 0.671528 0.300781 0.009722 0.009375
0 0.313194 0.303906 0.015278 0.009375
0 0.325000 0.304297 0.016667 0.010156
0 0.361806 0.318750 0.018056 0.010937
0 0.579167 0.400781 0.016667 0.009375
0 0.555556 0.348438 0.016667 0.010937
0 0.433333 0.304297 0.016667 0.010156
0 0.604861 0.386719 0.018056 0.010937
0 0.654167 0.421094 0.016667 0.010937
0 0.460417 0.361328 0.018056 0.010156
0 0.484722 0.375391 0.016667 0.010156
0 0.623611 0.409375 0.016667 0.010937
0 0.508333 0.333984 0.019444 0.011719
0 0.407639 0.305469 0.018056 0.010937
0 0.383333 0.319141 0.013889 0.013281
0 0.533333 0.427734 0.019444 0.011719
0 0.338194 0.424609 0.015278 0.008594
