0 0.379167 0.314453 0.016667 0.010156
0 0.322222 0.421875 0.016667 0.009375
0 0.329167 0.421094 0.016667 0.009375
0 0.663889 0.416797 0.016667 0.010156
0 0.656944 0.298438 0.016667 0.009375
0 0.311111 0.299219 0.019444 0.009375
0 0.666667 0.297656 0.016667 0.009375
0 0.529167 0.425000 0.016667 0.010937
0 0.575000 0.396875 0.016667 0.010937
0 0.653472 0.417969 0.018056 0.009375
0 0.323611 0.300781 0.016667 0.009375
0 0.552778 0.344531 0.019444 0.012500
0 0.504167 0.330078 0.019444 0.011719
0 0.431250 0.301953 0.018056 0.010156
0 0.598611 0.383594 0.016667 0.010937
0 0.404167 0.301563 0.019444 0.010937
0 0.480556 0.372266 0.016667 0.010156
0 0.618750 0.407031 0.018056 0.010937
0 0.456944 0.358984 0.016667 0.010156
0 0.355556 0.316016 0.016667 0.010156
