0 0.376389 0.314453 0.019444 0.010156
0 0.668056 0.293359 0.016667 0.010156
0 0.329861 0.418359 0.009722 0.008594
0 0.663194 0.413672 0.018056 0.010156
0 0.658333 0.294531 0.016667 0.009375
0 0.320833 0.297656 0.016667 0.009375
0 0.650694 0.415234 0.018056 0.010156
0 0.310417 0.295703 0.018056 0.010156
0 0.502083 0.326953 0.018056 0.011719
0 0.596528 0.380469 0.018056 0.010937
0 0.551389 0.341016 0.019444 0.011719
0 0.478472 0.369531 0.018056 0.010937
0 0.353472 0.312109 0.018056 0.010156
0 0.428472 0.298438 0.018056 0.010937
0 0.617361 0.403906 0.018056 0.010937
0 0.402083 0.298047 0.018056 0.010156
0 0.574306 0.394531 0.018056 0.010937
0 0.454861 0.355469 0.018056 0.010937
0 0.527778 0.421484 0.019444 0.011719
0 0.313194 0.418359 0.009722 0.008594
