0 0.315972 0.414062 0.018056 0.009375
0 0.324306 0.414453 0.018056 0.010156
0 0.550000 0.336328 0.016667 0.011719
0 0.661111 0.410156 0.016667 0.009375
0 0.665972 0.289062 0.015278 0.009375
0 0.320833 0.292187 0.016667 0.009375
0 0.647222 0.412500 0.016667 0.009375
0 0.654167 0.290625 0.016667 0.009375
0 0.303472 0.291016 0.015278 0.008594
0 0.400694 0.293750 0.018056 0.010937
0 0.572222 0.390625 0.016667 0.010937
0 0.500694 0.323437 0.018056 0.010937
0 0.426389 0.293359 0.016667 0.011719
0 0.353472 0.307812 0.018056 0.010937
0 0.619444 0.400391 0.016667 0.010156
0 0.595833 0.376563 0.016667 0.010937
0 0.453472 0.351172 0.018056 0.011719
0 0.477778 0.364844 0.019444 0.010937
0 0.377778 0.308594 0.016667 0.010937
0 0.528472 0.418359 0.018056 0.013281
