0 0.300694 0.287891 0.015278 0.008594
0 0.315278 0.411328 0.016667 0.010156
0 0.325000 0.412109 0.016667 0.010156
0 0.528472 0.414844 0.015278 0.009375
0 0.663889 0.286328 0.016667 0.008594
0 0.653472 0.287500 0.015278 0.007812
0 0.318750 0.289453 0.018056 0.010156
0 0.648611 0.408594 0.008333 0.009375
0 0.478472 0.362109 0.018056 0.010156
0 0.550000 0.333203 0.019444 0.011719
0 0.427083 0.289453 0.018056 0.010156
0 0.572917 0.387500 0.018056 0.010937
0 0.596528 0.372656 0.018056 0.010937
0 0.500694 0.319922 0.018056 0.011719
0 0.618056 0.397656 0.016667 0.010937
0 0.350694 0.303906 0.018056 0.010937
0 0.400000 0.289844 0.019444 0.010937
0 0.453472 0.348047 0.018056 0.010156
0 0.663889 0.406641 0.011111 0.008594
0 0.373611 0.302734 0.016667 0.011719
