0 0.316667 0.408984 0.016667 0.008594
0 0.326389 0.409375 0.016667 0.009375
0 0.378472 0.300781 0.018056 0.009375
0 0.665278 0.404687 0.016667 0.009375
0 0.528472 0.412500 0.015278 0.009375
0 0.657639 0.284766 0.015278 0.008594
0 0.319444 0.286328 0.016667 0.010156
0 0.666667 0.283594 0.016667 0.009375
0 0.302083 0.284766 0.012500 0.010156
0 0.428472 0.286719 0.018056 0.010937
0 0.553472 0.329297 0.018056 0.010156
0 0.575694 0.384766 0.018056 0.011719
0 0.654861 0.405859 0.018056 0.010156
0 0.353472 0.300781 0.018056 0.010937
0 0.502778 0.316797 0.019444 0.011719
0 0.620833 0.394531 0.016667 0.010937
0 0.402778 0.287109 0.019444 0.011719
0 0.599306 0.370703 0.018056 0.010156
0 0.480556 0.358594 0.019444 0.010937
0 0.456250 0.345313 0.018056 0.010937
