0 0.531944 0.407422 0.013889 0.010156
0 0.660417 0.279297 0.018056 0.011719
0 0.667361 0.400391 0.018056 0.010156
0 0.655556 0.401562 0.016667 0.009375
0 0.580556 0.379297 0.016667 0.010156
0 0.605556 0.365234 0.016667 0.010156
0 0.432639 0.280859 0.018056 0.011719
0 0.356250 0.295312 0.018056 0.010937
0 0.404861 0.280469 0.018056 0.010937
0 0.506250 0.311719 0.018056 0.010937
0 0.556250 0.325000 0.018056 0.010937
0 0.625694 0.388281 0.018056 0.010937
0 0.484722 0.353906 0.019444 0.010937
0 0.458333 0.339453 0.019444 0.010156
0 0.304861 0.280469 0.012500 0.010937
0 0.324306 0.279687 0.012500 0.009375
0 0.381944 0.294922 0.019444 0.011719
0 0.313889 0.404687 0.011111 0.007812
0 0.331944 0.404297 0.011111 0.008594
0 0.676389 0.278125 0.011111 0.012500
