0 0.379861 0.289062 0.018056 0.010937
0 0.322917 0.398047 0.015278 0.008594
0 0.677083 0.269531 0.018056 0.010937
0 0.673611 0.393750 0.016667 0.009375
0 0.330556 0.397656 0.016667 0.009375
0 0.670139 0.271094 0.018056 0.009375
0 0.537500 0.400781 0.016667 0.010937
0 0.560417 0.317969 0.018056 0.012500
0 0.661111 0.395313 0.019444 0.010937
0 0.584028 0.373437 0.018056 0.010937
0 0.629861 0.382422 0.018056 0.011719
0 0.436806 0.273438 0.018056 0.010937
0 0.511111 0.303906 0.019444 0.010937
0 0.310417 0.271484 0.018056 0.010156
0 0.325000 0.271875 0.019444 0.010937
0 0.609028 0.358203 0.018056 0.010156
0 0.463194 0.333594 0.018056 0.010937
0 0.358333 0.287500 0.019444 0.010937
0 0.407639 0.272656 0.020833 0.010937
0 0.487500 0.346875 0.019444 0.010937
