0 0.422917 0.266797 0.040278 0.010156
0 0.540278 0.394922 0.016667 0.010156
0 0.321528 0.392578 0.015278 0.008594
0 0.335417 0.392188 0.015278 0.009375
0 0.385417 0.282422 0.018056 0.011719
0 0.677778 0.389062 0.016667 0.009375
0 0.682639 0.264062 0.018056 0.010937
0 0.672917 0.264844 0.018056 0.009375
0 0.309722 0.266016 0.016667 0.010156
0 0.514583 0.299609 0.018056 0.011719
0 0.634028 0.378125 0.018056 0.010937
0 0.325694 0.266406 0.018056 0.010937
0 0.665972 0.390625 0.018056 0.010937
0 0.612500 0.353125 0.019444 0.010937
0 0.588889 0.369141 0.016667 0.011719
0 0.438889 0.267969 0.016667 0.010937
0 0.360417 0.282031 0.018056 0.010937
0 0.489583 0.341406 0.018056 0.010937
0 0.411111 0.267969 0.019444 0.010937
0 0.465278 0.326953 0.019444 0.010156
0 0.567361 0.312109 0.018056 0.013281
