0 0.386806 0.280469 0.018056 0.010937
0 0.684028 0.263281 0.018056 0.009375
0 0.320833 0.391016 0.013889 0.008594
0 0.674306 0.263672 0.018056 0.008594
0 0.515972 0.297266 0.020833 0.011719
0 0.679167 0.387500 0.016667 0.009375
0 0.336111 0.391406 0.016667 0.009375
0 0.328472 0.264453 0.018056 0.010156
0 0.310417 0.264062 0.015278 0.009375
0 0.634028 0.376953 0.018056 0.011719
0 0.614583 0.352734 0.018056 0.011719
0 0.666667 0.389844 0.019444 0.010937
0 0.439583 0.266016 0.020833 0.011719
0 0.361806 0.281250 0.018056 0.010937
0 0.492361 0.339844 0.018056 0.010937
0 0.466667 0.325781 0.019444 0.010937
0 0.412500 0.266406 0.019444 0.010937
0 0.589583 0.367578 0.018056 0.011719
0 0.565972 0.309766 0.018056 0.011719
0 0.540972 0.396094 0.018056 0.009375
