0 0.322917 0.389062 0.018056 0.009375
0 0.566667 0.307812 0.016667 0.012500
0 0.332639 0.389062 0.018056 0.009375
0 0.682639 0.260156 0.018056 0.009375
0 0.673611 0.261328 0.016667 0.008594
0 0.677778 0.385547 0.016667 0.010156
0 0.513889 0.293359 0.019444 0.011719
0 0.539583 0.390625 0.018056 0.010937
0 0.634722 0.373047 0.019444 0.011719
0 0.311111 0.261328 0.016667 0.010156
0 0.383333 0.276953 0.016667 0.010156
0 0.613889 0.348438 0.019444 0.010937
0 0.326389 0.261719 0.019444 0.010937
0 0.411111 0.261719 0.019444 0.010937
0 0.663889 0.387109 0.016667 0.010156
0 0.438194 0.262500 0.018056 0.010937
0 0.587500 0.364453 0.019444 0.011719
0 0.490972 0.336719 0.018056 0.010937
0 0.360417 0.276953 0.018056 0.010156
0 0.465972 0.322266 0.018056 0.010156
