0 0.313889 0.255469 0.030556 0.009375
0 0.628472 0.359766 0.018056 0.011719
0 0.673611 0.255078 0.019444 0.010156
0 0.384722 0.264062 0.019444 0.012500
0 0.316667 0.384766 0.016667 0.008594
0 0.326389 0.384375 0.016667 0.009375
0 0.675694 0.380469 0.015278 0.009375
0 0.681944 0.254688 0.016667 0.010937
0 0.537500 0.383984 0.016667 0.010156
0 0.304861 0.254688 0.015278 0.009375
0 0.434028 0.257422 0.018056 0.011719
0 0.511806 0.287500 0.018056 0.010937
0 0.663194 0.383203 0.018056 0.010156
0 0.323611 0.256641 0.016667 0.010156
0 0.631250 0.369531 0.018056 0.010937
0 0.584722 0.360156 0.019444 0.010937
0 0.406944 0.257031 0.019444 0.010937
0 0.611111 0.343750 0.019444 0.010937
0 0.382639 0.272656 0.018056 0.010937
0 0.354861 0.272266 0.018056 0.010156
0 0.486111 0.331641 0.019444 0.011719
0 0.562500 0.302344 0.019444 0.012500
0 0.461111 0.317188 0.019444 0.010937
