0 0.678472 0.249219 0.015278 0.009375
0 0.668056 0.250391 0.016667 0.008594
0 0.324306 0.380469 0.015278 0.009375
0 0.309722 0.380078 0.016667 0.010156
0 0.297917 0.250000 0.015278 0.009375
0 0.533333 0.383203 0.016667 0.010156
0 0.319444 0.251953 0.016667 0.010156
0 0.674306 0.377734 0.009722 0.010156
0 0.559028 0.298047 0.015278 0.011719
0 0.656944 0.378906 0.013889 0.009375
0 0.429167 0.251563 0.016667 0.010937
0 0.606250 0.339453 0.020833 0.011719
0 0.581944 0.355078 0.019444 0.011719
0 0.377778 0.265234 0.016667 0.010156
0 0.404167 0.251172 0.019444 0.011719
0 0.627778 0.364453 0.019444 0.011719
0 0.349306 0.267188 0.018056 0.010937
0 0.458333 0.312500 0.019444 0.010937
0 0.507639 0.283203 0.020833 0.013281
0 0.483333 0.326953 0.019444 0.011719
