0 0.659722 0.376563 0.019444 0.010937
0 0.321528 0.377734 0.015278 0.010156
0 0.676389 0.247656 0.016667 0.009375
0 0.531250 0.381250 0.018056 0.010937
0 0.308333 0.377344 0.016667 0.009375
0 0.668750 0.375781 0.020833 0.010937
0 0.667361 0.248047 0.018056 0.010156
0 0.556250 0.295703 0.018056 0.011719
0 0.315278 0.248828 0.016667 0.010156
0 0.296528 0.248047 0.015278 0.010156
0 0.427778 0.249219 0.019444 0.010937
0 0.605556 0.337500 0.019444 0.010937
0 0.504861 0.280859 0.020833 0.013281
0 0.375694 0.264062 0.018056 0.010937
0 0.347917 0.264062 0.018056 0.010937
0 0.581250 0.353125 0.018056 0.010937
0 0.400000 0.249219 0.019444 0.010937
0 0.627083 0.363672 0.018056 0.011719
0 0.481250 0.325000 0.018056 0.010937
0 0.455556 0.310937 0.019444 0.010937
