0 0.318056 0.378125 0.016667 0.009375
0 0.308333 0.378125 0.016667 0.009375
0 0.674306 0.248438 0.015278 0.009375
0 0.668056 0.376172 0.019444 0.010156
0 0.665972 0.249609 0.018056 0.010156
0 0.313194 0.249609 0.018056 0.010156
0 0.530556 0.382031 0.019444 0.010937
0 0.295139 0.249219 0.015278 0.009375
0 0.655556 0.377734 0.016667 0.010156
0 0.426389 0.250391 0.019444 0.011719
0 0.503472 0.282031 0.020833 0.012500
0 0.603472 0.338281 0.018056 0.010937
0 0.578472 0.353125 0.018056 0.010937
0 0.397222 0.250391 0.019444 0.011719
0 0.554861 0.296875 0.020833 0.012500
0 0.374306 0.264844 0.018056 0.010937
0 0.479167 0.326172 0.019444 0.011719
0 0.625000 0.364063 0.019444 0.012500
0 0.346528 0.266016 0.018056 0.010156
0 0.453472 0.311328 0.018056 0.011719
