0 0.315972 0.379688 0.018056 0.009375
0 0.676389 0.249219 0.011111 0.009375
0 0.529861 0.382812 0.018056 0.010937
0 0.660417 0.250000 0.009722 0.009375
0 0.308333 0.379297 0.019444 0.010156
0 0.294444 0.249219 0.016667 0.009375
0 0.311806 0.250000 0.018056 0.009375
0 0.575694 0.355078 0.018056 0.010156
0 0.502778 0.282813 0.019444 0.012500
0 0.552778 0.297266 0.019444 0.013281
0 0.424306 0.251172 0.018056 0.010156
0 0.601389 0.339062 0.019444 0.010937
0 0.652778 0.378516 0.016667 0.010156
0 0.397222 0.250781 0.019444 0.010937
0 0.622917 0.365234 0.018056 0.011719
0 0.372917 0.266016 0.018056 0.010156
0 0.477778 0.326562 0.019444 0.010937
0 0.345139 0.266797 0.018056 0.010156
0 0.450694 0.312109 0.018056 0.011719
0 0.670139 0.375781 0.009722 0.007812
