0 0.525000 0.384375 0.016667 0.010937
0 0.665972 0.250781 0.018056 0.009375
0 0.301389 0.380859 0.016667 0.008594
0 0.665278 0.378125 0.016667 0.009375
0 0.658333 0.251563 0.016667 0.009375
0 0.313194 0.380859 0.018056 0.010156
0 0.286806 0.250391 0.015278 0.008594
0 0.651389 0.379297 0.016667 0.010156
0 0.369444 0.266016 0.016667 0.010156
0 0.306944 0.250781 0.016667 0.009375
0 0.393056 0.251563 0.019444 0.010937
0 0.549306 0.298047 0.020833 0.013281
0 0.420139 0.252344 0.018056 0.010937
0 0.498611 0.283984 0.019444 0.013281
0 0.597222 0.340234 0.019444 0.011719
0 0.570833 0.356641 0.019444 0.011719
0 0.340278 0.267578 0.016667 0.010156
0 0.618750 0.366797 0.018056 0.011719
0 0.447917 0.312500 0.018056 0.010937
0 0.474306 0.328125 0.020833 0.010937
