0 0.300000 0.385937 0.016667 0.009375
0 0.654861 0.255859 0.015278 0.010156
0 0.666667 0.255078 0.016667 0.010156
0 0.309722 0.385156 0.016667 0.009375
0 0.656944 0.382031 0.019444 0.010937
0 0.366667 0.271484 0.016667 0.010156
0 0.520833 0.388672 0.016667 0.010156
0 0.285417 0.255078 0.015278 0.008594
0 0.304167 0.256250 0.016667 0.009375
0 0.646528 0.383203 0.018056 0.010156
0 0.545833 0.303125 0.019444 0.012500
0 0.416667 0.257031 0.016667 0.010937
0 0.615972 0.370703 0.018056 0.011719
0 0.568750 0.360938 0.018056 0.010937
0 0.593750 0.344531 0.018056 0.010937
0 0.495139 0.287891 0.020833 0.011719
0 0.470139 0.332813 0.018056 0.010937
0 0.444444 0.317188 0.019444 0.010937
0 0.338889 0.271875 0.016667 0.010937
0 0.388194 0.258203 0.018056 0.010156
