0 0.663889 0.261328 0.016667 0.008594
0 0.314583 0.389844 0.015278 0.009375
0 0.652778 0.262109 0.013889 0.008594
0 0.289583 0.262109 0.018056 0.010156
0 0.523611 0.392969 0.016667 0.010937
0 0.645833 0.388281 0.019444 0.009375
0 0.545833 0.308594 0.019444 0.012500
0 0.363889 0.276953 0.016667 0.010156
0 0.299306 0.389453 0.015278 0.008594
0 0.390278 0.262500 0.019444 0.010937
0 0.659028 0.386328 0.018056 0.010156
0 0.304861 0.262109 0.018056 0.010156
0 0.593750 0.350000 0.018056 0.010937
0 0.615278 0.375781 0.016667 0.010937
0 0.417361 0.263281 0.018056 0.010937
0 0.495833 0.293359 0.019444 0.011719
0 0.568056 0.365625 0.019444 0.010937
0 0.339583 0.276953 0.018056 0.010156
0 0.471528 0.337500 0.018056 0.010937
0 0.445139 0.323047 0.018056 0.010156
