0 0.548611 0.311328 0.019444 0.011719
0 0.581250 0.362891 0.023611 0.014844
0 0.665972 0.263672 0.018056 0.010156
0 0.525000 0.395313 0.016667 0.010937
0 0.304167 0.392188 0.016667 0.009375
0 0.313889 0.392188 0.016667 0.009375
0 0.369444 0.278906 0.016667 0.010937
0 0.663194 0.388672 0.018056 0.010156
0 0.657639 0.264062 0.018056 0.009375
0 0.308333 0.264062 0.016667 0.009375
0 0.649306 0.390234 0.018056 0.010156
0 0.289583 0.262891 0.015278 0.008594
0 0.393056 0.264453 0.019444 0.011719
0 0.570139 0.368359 0.018056 0.011719
0 0.497222 0.296875 0.019444 0.012500
0 0.419444 0.264844 0.019444 0.010937
0 0.341667 0.280078 0.019444 0.010156
0 0.595833 0.352344 0.019444 0.010937
0 0.617361 0.377734 0.018056 0.011719
0 0.473611 0.340234 0.019444 0.011719
0 0.447917 0.325000 0.018056 0.010937
