0 0.304861 0.394922 0.015278 0.008594
0 0.525000 0.398047 0.016667 0.010156
0 0.665278 0.391797 0.016667 0.010156
0 0.313889 0.394531 0.016667 0.009375
0 0.547222 0.315625 0.019444 0.012500
0 0.311806 0.267188 0.015278 0.009375
0 0.667361 0.266406 0.018056 0.009375
0 0.656250 0.267188 0.015278 0.009375
0 0.370833 0.282813 0.016667 0.010937
0 0.498611 0.300000 0.019444 0.012500
0 0.420139 0.267969 0.018056 0.010937
0 0.652083 0.392578 0.018056 0.010156
0 0.290972 0.266797 0.015278 0.008594
0 0.393056 0.267969 0.019444 0.010937
0 0.597222 0.355078 0.019444 0.011719
0 0.618056 0.380859 0.016667 0.010156
0 0.570833 0.370312 0.019444 0.010937
0 0.475000 0.342969 0.019444 0.010937
0 0.342361 0.283203 0.018056 0.011719
0 0.449306 0.328125 0.018056 0.010937
