0 0.659028 0.396094 0.020833 0.009375
0 0.658333 0.271094 0.016667 0.009375
0 0.302083 0.398047 0.015278 0.008594
0 0.667361 0.270313 0.018056 0.009375
0 0.649306 0.396875 0.018056 0.009375
0 0.525000 0.402734 0.016667 0.010156
0 0.498611 0.303516 0.019444 0.011719
0 0.370833 0.287109 0.016667 0.010156
0 0.293750 0.270703 0.015278 0.008594
0 0.547917 0.318359 0.018056 0.011719
0 0.343750 0.287109 0.018056 0.010156
0 0.311806 0.271094 0.015278 0.009375
0 0.597222 0.358594 0.016667 0.010937
0 0.619444 0.383984 0.016667 0.010156
0 0.422222 0.273047 0.019444 0.010156
0 0.572222 0.373437 0.016667 0.010937
0 0.395833 0.273438 0.019444 0.010937
0 0.475000 0.346875 0.019444 0.010937
0 0.449306 0.332813 0.018056 0.010937
0 0.320139 0.397656 0.015278 0.010937
