0 0.657639 0.273047 0.018056 0.010156
0 0.661111 0.397656 0.016667 0.009375
0 0.665972 0.271875 0.018056 0.009375
0 0.652778 0.398438 0.016667 0.009375
0 0.548611 0.320312 0.019444 0.012500
0 0.497917 0.305859 0.018056 0.011719
0 0.293056 0.272656 0.016667 0.009375
0 0.524306 0.404687 0.015278 0.009375
0 0.370833 0.288672 0.016667 0.010156
0 0.309722 0.273438 0.016667 0.009375
0 0.618750 0.386328 0.015278 0.010156
0 0.597917 0.360938 0.018056 0.010937
0 0.394444 0.275000 0.019444 0.010937
0 0.420833 0.274219 0.019444 0.010937
0 0.571528 0.375000 0.018056 0.010937
0 0.343750 0.289453 0.018056 0.010156
0 0.474306 0.348438 0.018056 0.010937
0 0.447917 0.334375 0.018056 0.010937
0 0.300000 0.400781 0.016667 0.009375
0 0.318750 0.400391 0.015278 0.010156
