0 0.659028 0.274219 0.018056 0.009375
0 0.525000 0.406250 0.016667 0.009375
0 0.649306 0.400781 0.018056 0.009375
0 0.662500 0.398828 0.016667 0.008594
0 0.665972 0.273828 0.018056 0.010156
0 0.293056 0.273828 0.016667 0.010156
0 0.310417 0.274609 0.018056 0.010156
0 0.422222 0.276172 0.019444 0.010156
0 0.395833 0.276172 0.019444 0.011719
0 0.372222 0.290625 0.016667 0.010937
0 0.550000 0.321094 0.019444 0.012500
0 0.597917 0.362500 0.018056 0.010937
0 0.572222 0.378125 0.016667 0.010937
0 0.619444 0.387891 0.016667 0.011719
0 0.498611 0.307422 0.019444 0.011719
0 0.474306 0.350000 0.018056 0.010937
0 0.344444 0.290625 0.019444 0.010937
0 0.450000 0.335938 0.019444 0.010937
0 0.301389 0.401953 0.013889 0.010156
0 0.320833 0.403125 0.013889 0.010937
