0 0.320833 0.403906 0.013889 0.009375
0 0.661111 0.276172 0.016667 0.008594
0 0.672222 0.274609 0.016667 0.010156
0 0.668750 0.400781 0.018056 0.009375
0 0.308333 0.403125 0.016667 0.009375
0 0.528472 0.407813 0.018056 0.010937
0 0.372917 0.292578 0.018056 0.010156
0 0.314583 0.276953 0.018056 0.010156
0 0.500000 0.309766 0.019444 0.011719
0 0.550694 0.323047 0.020833 0.013281
0 0.295139 0.275391 0.015278 0.008594
0 0.575000 0.379688 0.016667 0.010937
0 0.600694 0.364063 0.018056 0.010937
0 0.424306 0.277734 0.018056 0.010156
0 0.398611 0.277734 0.019444 0.011719
0 0.620833 0.389844 0.016667 0.010937
0 0.347917 0.292187 0.018056 0.010937
0 0.452778 0.337500 0.019444 0.010937
0 0.477778 0.352734 0.019444 0.011719
0 0.652083 0.402734 0.012500 0.007031
