0 0.309028 0.405859 0.018056 0.010156
0 0.525694 0.408984 0.018056 0.010156
0 0.316667 0.406250 0.016667 0.009375
0 0.668750 0.402344 0.015278 0.009375
0 0.500000 0.311328 0.019444 0.011719
0 0.670139 0.277344 0.018056 0.010937
0 0.659722 0.278125 0.016667 0.009375
0 0.313889 0.278516 0.016667 0.010156
0 0.600000 0.366016 0.019444 0.010156
0 0.397222 0.280078 0.019444 0.011719
0 0.372222 0.294531 0.016667 0.010937
0 0.424306 0.279297 0.018056 0.010156
0 0.294444 0.277734 0.013889 0.008594
0 0.651389 0.403906 0.016667 0.009375
0 0.619444 0.391406 0.016667 0.010937
0 0.550694 0.325000 0.020833 0.012500
0 0.345833 0.294531 0.019444 0.010937
0 0.574306 0.381641 0.018056 0.011719
0 0.452778 0.339844 0.019444 0.010937
0 0.477083 0.354687 0.018056 0.010937
