0 0.666667 0.405078 0.016667 0.010156
0 0.525000 0.412500 0.016667 0.009375
0 0.302778 0.408203 0.013889 0.008594
0 0.659722 0.281250 0.016667 0.009375
0 0.670139 0.280469 0.018056 0.010937
0 0.294444 0.280859 0.016667 0.008594
0 0.313194 0.281641 0.015278 0.010156
0 0.499306 0.314063 0.018056 0.010937
0 0.371528 0.297266 0.015278 0.010156
0 0.597917 0.368750 0.018056 0.010937
0 0.653472 0.406250 0.018056 0.009375
0 0.619444 0.393750 0.016667 0.010937
0 0.423611 0.283594 0.016667 0.009375
0 0.550000 0.327344 0.019444 0.012500
0 0.396528 0.282813 0.018056 0.010937
0 0.450694 0.341797 0.018056 0.010156
0 0.345833 0.296875 0.016667 0.010937
0 0.573611 0.383594 0.019444 0.010937
0 0.476389 0.357422 0.019444 0.011719
0 0.320833 0.408984 0.013889 0.008594
