0 0.526389 0.413672 0.016667 0.010156
0 0.658333 0.282813 0.016667 0.009375
0 0.310417 0.409766 0.018056 0.010156
0 0.670833 0.281641 0.016667 0.010156
0 0.372222 0.298828 0.016667 0.010156
0 0.295833 0.282813 0.016667 0.009375
0 0.620833 0.395313 0.016667 0.010937
0 0.600000 0.370312 0.016667 0.010937
0 0.313889 0.283203 0.016667 0.008594
0 0.347222 0.298438 0.016667 0.010937
0 0.499306 0.314844 0.018056 0.010937
0 0.550694 0.328516 0.020833 0.011719
0 0.650694 0.407422 0.012500 0.010156
0 0.424306 0.284766 0.018056 0.010156
0 0.450694 0.343359 0.018056 0.010156
0 0.395833 0.284766 0.019444 0.010156
0 0.475694 0.358594 0.018056 0.010937
0 0.573611 0.384766 0.019444 0.011719
0 0.668056 0.404297 0.011111 0.007031
