0 0.662500 0.408594 0.025000 0.009375
0 0.659722 0.283203 0.016667 0.008594
0 0.317361 0.411328 0.015278 0.008594
0 0.671528 0.282422 0.018056 0.010156
0 0.311111 0.410938 0.016667 0.009375
0 0.528472 0.414844 0.018056 0.009375
0 0.295139 0.283594 0.015278 0.009375
0 0.500694 0.315625 0.018056 0.010937
0 0.314583 0.284766 0.015278 0.010156
0 0.347917 0.300000 0.018056 0.010937
0 0.620833 0.395703 0.016667 0.010156
0 0.372222 0.300391 0.016667 0.010156
0 0.551389 0.330469 0.019444 0.012500
0 0.652778 0.409375 0.016667 0.009375
0 0.602083 0.371094 0.018056 0.010937
0 0.425000 0.285938 0.019444 0.010937
0 0.397917 0.285547 0.018056 0.010156
0 0.574306 0.385937 0.018056 0.010937
0 0.477083 0.359375 0.018056 0.010937
0 0.452083 0.345313 0.018056 0.010937
