0 0.320833 0.413281 0.016667 0.009375
0 0.313194 0.412891 0.018056 0.010156
0 0.530556 0.416406 0.016667 0.009375
0 0.672222 0.284766 0.016667 0.010156
0 0.667361 0.409375 0.015278 0.009375
0 0.652778 0.410156 0.016667 0.009375
0 0.664583 0.285156 0.018056 0.009375
0 0.296528 0.285938 0.015278 0.009375
0 0.373611 0.301172 0.016667 0.010156
0 0.315278 0.286719 0.016667 0.009375
0 0.623611 0.397266 0.016667 0.010156
0 0.502778 0.317578 0.019444 0.011719
0 0.603472 0.373047 0.018056 0.010156
0 0.425694 0.287109 0.018056 0.010156
0 0.552083 0.331641 0.018056 0.011719
0 0.347222 0.301953 0.016667 0.010156
0 0.398611 0.287109 0.019444 0.010156
0 0.577083 0.387500 0.018056 0.010937
0 0.479167 0.360938 0.019444 0.010937
0 0.453472 0.346875 0.018056 0.010937
