0 0.321528 0.414453 0.015278 0.010156
0 0.530556 0.417578 0.016667 0.010156
0 0.311806 0.413672 0.018056 0.010156
0 0.654167 0.412500 0.016667 0.009375
0 0.665972 0.410938 0.018056 0.009375
0 0.672917 0.286328 0.015278 0.010156
0 0.664583 0.286328 0.018056 0.010156
0 0.295833 0.286328 0.013889 0.008594
0 0.502083 0.319141 0.018056 0.011719
0 0.315278 0.287109 0.016667 0.010156
0 0.426389 0.287891 0.016667 0.010156
0 0.375000 0.301953 0.016667 0.010156
0 0.604167 0.374219 0.019444 0.010937
0 0.397917 0.287891 0.018056 0.010156
0 0.623611 0.399219 0.016667 0.010937
0 0.479167 0.361719 0.019444 0.010937
0 0.552778 0.332422 0.019444 0.011719
0 0.577083 0.388281 0.018056 0.010937
0 0.347222 0.302734 0.016667 0.010156
0 0.453472 0.348047 0.018056 0.010156
