0 0.320139 0.416016 0.015278 0.008594
0 0.311806 0.415625 0.018056 0.009375
0 0.666667 0.412109 0.019444 0.010156
0 0.528472 0.419531 0.018056 0.010937
0 0.664583 0.287109 0.018056 0.010156
0 0.670833 0.287109 0.016667 0.010156
0 0.500694 0.321484 0.018056 0.011719
0 0.652778 0.414062 0.016667 0.009375
0 0.552778 0.334766 0.019444 0.011719
0 0.313889 0.289453 0.016667 0.010156
0 0.293750 0.287891 0.015278 0.008594
0 0.372222 0.304297 0.016667 0.010156
0 0.600694 0.375781 0.018056 0.010937
0 0.424306 0.289453 0.018056 0.010156
0 0.575694 0.390625 0.018056 0.010937
0 0.398611 0.289844 0.019444 0.010937
0 0.622222 0.400781 0.016667 0.010937
0 0.477778 0.364063 0.019444 0.010937
0 0.452083 0.350000 0.018056 0.010937
0 0.347222 0.304297 0.016667 0.010156
