0 0.660417 0.289062 0.015278 0.009375
0 0.667361 0.288281 0.018056 0.009375
0 0.668750 0.413281 0.018056 0.009375
0 0.321528 0.417187 0.015278 0.009375
0 0.527778 0.419922 0.016667 0.010156
0 0.311806 0.416797 0.018056 0.010156
0 0.500694 0.322656 0.018056 0.010937
0 0.552083 0.335547 0.018056 0.011719
0 0.575694 0.391797 0.018056 0.010156
0 0.313889 0.291016 0.016667 0.010156
0 0.295139 0.289453 0.015278 0.008594
0 0.601389 0.376953 0.019444 0.011719
0 0.622222 0.402344 0.016667 0.010937
0 0.398611 0.291406 0.019444 0.010937
0 0.652778 0.414844 0.016667 0.009375
0 0.425000 0.290625 0.019444 0.010937
0 0.372222 0.305859 0.016667 0.010156
0 0.347222 0.305859 0.016667 0.010156
0 0.452083 0.351172 0.018056 0.011719
0 0.477778 0.365625 0.019444 0.010937
