0 0.320139 0.418359 0.015278 0.008594
0 0.309028 0.417969 0.018056 0.009375
0 0.527778 0.420703 0.016667 0.010156
0 0.552778 0.337109 0.016667 0.011719
0 0.668056 0.289062 0.019444 0.009375
0 0.500694 0.324219 0.018056 0.010937
0 0.670139 0.413672 0.018056 0.010156
0 0.659722 0.289844 0.016667 0.009375
0 0.576389 0.392578 0.016667 0.010156
0 0.295139 0.291016 0.015278 0.008594
0 0.602083 0.378125 0.018056 0.010937
0 0.622222 0.402344 0.016667 0.010937
0 0.397917 0.292187 0.018056 0.010937
0 0.424306 0.291406 0.018056 0.010937
0 0.313889 0.291797 0.016667 0.010156
0 0.347222 0.307031 0.016667 0.010937
0 0.452778 0.351953 0.019444 0.011719
0 0.477778 0.366406 0.019444 0.010937
0 0.372917 0.307812 0.015278 0.012500
0 0.652083 0.414844 0.015278 0.010937
