0 0.309028 0.419141 0.018056 0.010156
0 0.320833 0.418750 0.016667 0.009375
0 0.529861 0.421094 0.015278 0.009375
0 0.554167 0.337891 0.016667 0.010156
0 0.673611 0.290234 0.008333 0.008594
0 0.661111 0.290234 0.016667 0.008594
0 0.669444 0.414453 0.016667 0.010156
0 0.397917 0.292969 0.018056 0.010937
0 0.296528 0.291797 0.015278 0.008594
0 0.426389 0.293359 0.016667 0.011719
0 0.502778 0.323828 0.016667 0.011719
0 0.624306 0.401172 0.018056 0.010156
0 0.603472 0.378125 0.018056 0.010937
0 0.577778 0.393359 0.016667 0.010156
0 0.315278 0.292187 0.016667 0.009375
0 0.372222 0.307422 0.016667 0.010156
0 0.654167 0.416406 0.016667 0.009375
0 0.453472 0.352344 0.018056 0.010937
0 0.478472 0.366797 0.018056 0.010156
0 0.347222 0.307422 0.016667 0.013281
