0 0.674306 0.288672 0.018056 0.010156
0 0.309722 0.418750 0.016667 0.009375
0 0.321528 0.418750 0.015278 0.009375
0 0.554861 0.336719 0.015278 0.010937
0 0.530556 0.420703 0.016667 0.010156
0 0.662500 0.289844 0.016667 0.009375
0 0.670139 0.413672 0.018056 0.010156
0 0.655556 0.415625 0.016667 0.009375
0 0.503472 0.323047 0.018056 0.011719
0 0.296528 0.291016 0.015278 0.008594
0 0.398611 0.292187 0.019444 0.010937
0 0.426389 0.292578 0.016667 0.011719
0 0.577778 0.393359 0.016667 0.010156
0 0.604861 0.377734 0.020833 0.011719
0 0.315278 0.291797 0.016667 0.010156
0 0.625694 0.401562 0.018056 0.010937
0 0.373611 0.307031 0.016667 0.010937
0 0.454167 0.352344 0.019444 0.010937
0 0.479167 0.366406 0.019444 0.010937
0 0.350000 0.307812 0.016667 0.012500
