0 0.671528 0.289453 0.018056 0.010156
0 0.304861 0.419531 0.015278 0.009375
0 0.529861 0.422266 0.015278 0.010156
0 0.661111 0.290234 0.016667 0.008594
0 0.502083 0.324219 0.018056 0.010937
0 0.396528 0.293750 0.018056 0.010937
0 0.553472 0.337891 0.018056 0.010156
0 0.668750 0.414844 0.018056 0.009375
0 0.295139 0.291797 0.015278 0.008594
0 0.425000 0.293750 0.016667 0.010937
0 0.625000 0.401562 0.016667 0.010937
0 0.603472 0.378125 0.018056 0.010937
0 0.313889 0.292578 0.016667 0.010156
0 0.372222 0.308203 0.016667 0.010156
0 0.654861 0.416797 0.015278 0.010156
0 0.576389 0.394141 0.016667 0.010156
0 0.346528 0.307812 0.018056 0.010937
0 0.478472 0.367188 0.018056 0.010937
0 0.453472 0.353125 0.018056 0.010937
0 0.322917 0.419531 0.015278 0.009375
