0 0.319444 0.419922 0.013889 0.010156
0 0.528472 0.421484 0.015278 0.010156
0 0.668056 0.289453 0.019444 0.010156
0 0.500694 0.323828 0.018056 0.011719
0 0.659722 0.290234 0.016667 0.008594
0 0.669444 0.414844 0.016667 0.009375
0 0.395833 0.292969 0.019444 0.010937
0 0.422917 0.292578 0.018056 0.010156
0 0.293750 0.291797 0.015278 0.008594
0 0.624306 0.401562 0.018056 0.010937
0 0.553472 0.337500 0.018056 0.010937
0 0.313194 0.292578 0.015278 0.010156
0 0.602083 0.378516 0.018056 0.010156
0 0.372222 0.307422 0.016667 0.010156
0 0.653472 0.416797 0.015278 0.010156
0 0.575694 0.394531 0.018056 0.010937
0 0.345139 0.307422 0.018056 0.010156
0 0.452083 0.352734 0.018056 0.011719
0 0.477778 0.367578 0.019444 0.011719
0 0.304167 0.419922 0.013889 0.008594
