0 0.321528 0.419141 0.009722 0.008594
0 0.668056 0.288672 0.019444 0.010156
0 0.659722 0.289844 0.016667 0.009375
0 0.500694 0.323828 0.018056 0.011719
0 0.528472 0.421484 0.015278 0.010156
0 0.668750 0.414453 0.018056 0.010156
0 0.553472 0.337109 0.018056 0.011719
0 0.313194 0.291797 0.015278 0.010156
0 0.293750 0.291016 0.015278 0.008594
0 0.395833 0.292578 0.019444 0.011719
0 0.624306 0.401562 0.018056 0.010937
0 0.602083 0.378125 0.018056 0.010937
0 0.422917 0.291797 0.018056 0.010156
0 0.372222 0.307422 0.016667 0.010156
0 0.576389 0.394141 0.016667 0.010156
0 0.654167 0.416406 0.016667 0.009375
0 0.344444 0.307422 0.016667 0.010156
0 0.452083 0.352344 0.018056 0.010937
0 0.477778 0.367578 0.019444 0.011719
0 0.306250 0.420312 0.018056 0.009375
