0 0.322222 0.421875 0.016667 0.009375
0 0.675694 0.290234 0.015278 0.008594
0 0.532639 0.423438 0.015278 0.009375
0 0.313194 0.421484 0.018056 0.010156
0 0.663194 0.292187 0.009722 0.010937
0 0.668750 0.416016 0.018056 0.010156
0 0.427778 0.295312 0.016667 0.010937
0 0.605556 0.379688 0.019444 0.010937
0 0.625000 0.405859 0.016667 0.010156
0 0.373611 0.310547 0.016667 0.010156
0 0.504861 0.325391 0.018056 0.011719
0 0.400694 0.294531 0.018056 0.010937
0 0.316667 0.294141 0.016667 0.010156
0 0.658333 0.417578 0.016667 0.010156
0 0.579167 0.395313 0.016667 0.010937
0 0.479861 0.368750 0.018056 0.010937
0 0.555556 0.338672 0.019444 0.011719
0 0.348611 0.309375 0.016667 0.010937
0 0.456250 0.354687 0.018056 0.010937
0 0.296528 0.294141 0.015278 0.010156
