0 0.322222 0.422656 0.016667 0.009375
0 0.674306 0.291016 0.015278 0.008594
0 0.313194 0.421875 0.018056 0.009375
0 0.296528 0.293359 0.015278 0.008594
0 0.666667 0.292187 0.016667 0.009375
0 0.531944 0.424609 0.016667 0.010156
0 0.668056 0.416797 0.019444 0.010156
0 0.373611 0.310937 0.016667 0.009375
0 0.604861 0.380078 0.018056 0.010156
0 0.504861 0.325781 0.018056 0.010937
0 0.315278 0.294531 0.016667 0.009375
0 0.427778 0.295703 0.016667 0.010156
0 0.658333 0.417578 0.016667 0.010156
0 0.626389 0.405859 0.016667 0.010156
0 0.400694 0.294922 0.018056 0.010156
0 0.479861 0.369531 0.018056 0.010937
0 0.579167 0.395313 0.016667 0.010937
0 0.348611 0.309766 0.016667 0.010156
0 0.454861 0.354687 0.018056 0.010937
0 0.555556 0.339062 0.019444 0.010937
