0 0.673611 0.289453 0.016667 0.010156
0 0.305556 0.419922 0.011111 0.010156
0 0.661111 0.290625 0.016667 0.009375
0 0.530556 0.423047 0.016667 0.010156
0 0.295833 0.292187 0.016667 0.009375
0 0.425000 0.293750 0.016667 0.010937
0 0.396528 0.293359 0.018056 0.011719
0 0.670139 0.415234 0.018056 0.010156
0 0.502778 0.324219 0.019444 0.012500
0 0.625694 0.402734 0.018056 0.010156
0 0.313889 0.292578 0.016667 0.010156
0 0.554861 0.338281 0.018056 0.010937
0 0.605556 0.378906 0.019444 0.010937
0 0.654861 0.416797 0.015278 0.010156
0 0.372222 0.308203 0.016667 0.010156
0 0.345833 0.308203 0.016667 0.010156
0 0.577083 0.394531 0.018056 0.010937
0 0.479167 0.367969 0.019444 0.010937
0 0.453472 0.353516 0.018056 0.011719
0 0.322917 0.420312 0.015278 0.009375
