0 0.309028 0.420312 0.018056 0.009375
0 0.461806 0.421875 0.015278 0.009375
0 0.318056 0.420312 0.016667 0.009375
0 0.662500 0.289453 0.016667 0.008594
0 0.530556 0.421484 0.016667 0.010156
0 0.502778 0.323437 0.016667 0.012500
0 0.554167 0.336719 0.016667 0.010937
0 0.670139 0.414453 0.018056 0.010156
0 0.313194 0.291797 0.015278 0.010156
0 0.293750 0.291016 0.015278 0.008594
0 0.655556 0.416016 0.016667 0.010156
0 0.397222 0.292187 0.019444 0.010937
0 0.425000 0.291797 0.016667 0.010156
0 0.604167 0.378125 0.019444 0.010937
0 0.625694 0.401562 0.018056 0.010937
0 0.372222 0.307422 0.016667 0.010156
0 0.577778 0.393750 0.016667 0.010937
0 0.453472 0.352344 0.018056 0.010937
0 0.478472 0.367188 0.018056 0.010937
0 0.344444 0.307812 0.019444 0.009375
0 0.675694 0.288281 0.012500 0.010937
