0 0.308333 0.420312 0.019444 0.009375
0 0.315278 0.420312 0.016667 0.009375
0 0.667361 0.288672 0.018056 0.010156
0 0.310417 0.291797 0.015278 0.008594
0 0.670139 0.414062 0.018056 0.009375
0 0.658333 0.289453 0.016667 0.008594
0 0.500000 0.323047 0.019444 0.011719
0 0.526389 0.421484 0.016667 0.010156
0 0.290972 0.291016 0.015278 0.008594
0 0.551389 0.336328 0.019444 0.011719
0 0.394444 0.292187 0.019444 0.010937
0 0.371528 0.307422 0.018056 0.010156
0 0.601389 0.378125 0.019444 0.010937
0 0.622222 0.402344 0.016667 0.010937
0 0.421528 0.291406 0.018056 0.010937
0 0.574306 0.394141 0.018056 0.011719
0 0.451389 0.351953 0.019444 0.011719
0 0.342361 0.307031 0.018056 0.010937
0 0.476389 0.367188 0.019444 0.010937
0 0.651389 0.415234 0.013889 0.007031
