0 0.312500 0.417969 0.016667 0.009375
0 0.301389 0.418750 0.016667 0.009375
0 0.664583 0.287500 0.018056 0.009375
0 0.523611 0.420312 0.016667 0.010937
0 0.656944 0.413672 0.019444 0.010156
0 0.653472 0.287891 0.015278 0.008594
0 0.647222 0.414453 0.011111 0.010156
0 0.546528 0.335938 0.018056 0.010937
0 0.285417 0.289844 0.015278 0.009375
0 0.361806 0.305469 0.018056 0.010937
0 0.494444 0.320703 0.019444 0.011719
0 0.303472 0.290234 0.015278 0.010156
0 0.617361 0.401953 0.018056 0.011719
0 0.595833 0.376953 0.019444 0.011719
0 0.415972 0.290625 0.018056 0.010937
0 0.388889 0.291016 0.019444 0.011719
0 0.470833 0.366016 0.019444 0.011719
0 0.445139 0.351172 0.018056 0.011719
0 0.569444 0.392969 0.019444 0.012500
0 0.336806 0.305859 0.018056 0.010156
