0 0.306250 0.417187 0.018056 0.009375
0 0.292361 0.416406 0.018056 0.009375
0 0.281250 0.286719 0.018056 0.009375
0 0.410417 0.287500 0.018056 0.010937
0 0.300000 0.287891 0.016667 0.010156
0 0.660417 0.284766 0.018056 0.010156
0 0.518056 0.418750 0.016667 0.010937
0 0.650694 0.285938 0.018056 0.009375
0 0.643750 0.413672 0.018056 0.010156
0 0.489583 0.318359 0.018056 0.011719
0 0.590972 0.374609 0.018056 0.011719
0 0.659028 0.411328 0.018056 0.010156
0 0.359028 0.301953 0.018056 0.010156
0 0.613889 0.400391 0.016667 0.011719
0 0.542361 0.332813 0.020833 0.012500
0 0.383333 0.287500 0.019444 0.010937
0 0.331250 0.302734 0.018056 0.010156
0 0.465278 0.362500 0.019444 0.010937
0 0.439583 0.348828 0.018056 0.010156
0 0.566667 0.390234 0.019444 0.011719
