0 0.658333 0.283984 0.019444 0.010156
0 0.302778 0.415625 0.016667 0.009375
0 0.650694 0.284375 0.018056 0.009375
0 0.290278 0.415234 0.016667 0.010156
0 0.656944 0.410547 0.016667 0.010156
0 0.516667 0.417969 0.019444 0.010937
0 0.610417 0.398438 0.018056 0.010937
0 0.294444 0.286328 0.016667 0.010156
0 0.276389 0.285547 0.016667 0.010156
0 0.641667 0.412109 0.016667 0.010156
0 0.407639 0.286328 0.018056 0.011719
0 0.588889 0.373047 0.019444 0.011719
0 0.487500 0.316406 0.019444 0.010937
0 0.538889 0.331250 0.019444 0.012500
0 0.327778 0.301172 0.019444 0.010156
0 0.381250 0.286328 0.020833 0.011719
0 0.354861 0.300781 0.018056 0.010937
0 0.436806 0.347656 0.018056 0.010937
0 0.462500 0.361719 0.019444 0.010937
0 0.563194 0.388672 0.020833 0.011719
