0 0.299306 0.414062 0.015278 0.009375
0 0.654861 0.281641 0.018056 0.010156
0 0.648611 0.282813 0.016667 0.009375
0 0.289583 0.414062 0.018056 0.009375
0 0.656944 0.408984 0.013889 0.010156
0 0.609722 0.396875 0.016667 0.010937
0 0.513194 0.414062 0.018056 0.010937
0 0.292361 0.284375 0.018056 0.009375
0 0.640278 0.411328 0.016667 0.010156
0 0.325694 0.300000 0.018056 0.010937
0 0.536111 0.329297 0.019444 0.010156
0 0.272917 0.284375 0.015278 0.009375
0 0.586806 0.371875 0.018056 0.010937
0 0.406250 0.285156 0.018056 0.010937
0 0.485417 0.314453 0.020833 0.011719
0 0.353472 0.300391 0.018056 0.010156
0 0.379167 0.284766 0.019444 0.010156
0 0.561111 0.387891 0.019444 0.011719
0 0.434028 0.346094 0.018056 0.010937
0 0.460417 0.360156 0.018056 0.010937
