0 0.284722 0.412109 0.011111 0.010156
0 0.645139 0.280078 0.018056 0.010156
0 0.657639 0.279687 0.015278 0.009375
0 0.654861 0.407813 0.015278 0.009375
0 0.272222 0.282031 0.016667 0.009375
0 0.290278 0.281641 0.016667 0.010156
0 0.511111 0.414062 0.019444 0.010937
0 0.639583 0.410156 0.018056 0.010937
0 0.402778 0.282813 0.019444 0.010937
0 0.607639 0.395703 0.018056 0.011719
0 0.375000 0.282813 0.019444 0.010937
0 0.481250 0.313672 0.020833 0.013281
0 0.585417 0.371094 0.018056 0.010937
0 0.351389 0.298047 0.016667 0.010156
0 0.533333 0.327344 0.019444 0.010937
0 0.322917 0.296875 0.018056 0.010937
0 0.431944 0.344141 0.019444 0.011719
0 0.557639 0.386328 0.018056 0.011719
0 0.456944 0.358203 0.019444 0.011719
0 0.300000 0.412891 0.013889 0.010156
