0 0.288889 0.280078 0.016667 0.010156
0 0.644444 0.279297 0.016667 0.010156
0 0.288889 0.411328 0.019444 0.010156
0 0.652778 0.407031 0.016667 0.009375
0 0.656944 0.278125 0.013889 0.009375
0 0.400694 0.281250 0.018056 0.010937
0 0.268750 0.280078 0.015278 0.010156
0 0.480556 0.312891 0.019444 0.013281
0 0.510417 0.414062 0.018056 0.010937
0 0.639583 0.408984 0.018056 0.010156
0 0.606250 0.394922 0.018056 0.011719
0 0.372917 0.280859 0.020833 0.011719
0 0.584028 0.368750 0.018056 0.010937
0 0.350000 0.296484 0.016667 0.010156
0 0.430556 0.342578 0.019444 0.011719
0 0.533333 0.326562 0.019444 0.012500
0 0.320139 0.296094 0.018056 0.010937
0 0.557639 0.385547 0.018056 0.011719
0 0.456944 0.357812 0.019444 0.010937
