0 0.646528 0.277344 0.018056 0.009375
0 0.657639 0.276172 0.015278 0.010156
0 0.288889 0.278125 0.016667 0.009375
0 0.289583 0.410547 0.018056 0.010156
0 0.655556 0.405078 0.013889 0.008594
0 0.510417 0.412891 0.018056 0.010156
0 0.269444 0.277344 0.016667 0.009375
0 0.609028 0.394531 0.018056 0.010937
0 0.402083 0.278906 0.018056 0.010937
0 0.639583 0.407813 0.018056 0.009375
0 0.375000 0.279297 0.019444 0.011719
0 0.350000 0.294922 0.016667 0.010156
0 0.482639 0.311328 0.020833 0.013281
0 0.586111 0.367578 0.019444 0.011719
0 0.559028 0.383984 0.018056 0.011719
0 0.321528 0.294531 0.018056 0.010937
0 0.534722 0.325391 0.019444 0.011719
0 0.431944 0.341016 0.019444 0.011719
0 0.458333 0.356250 0.019444 0.010937
