0 0.649306 0.275781 0.018056 0.009375
0 0.659722 0.275000 0.016667 0.009375
0 0.291667 0.277734 0.016667 0.010156
0 0.281250 0.408203 0.018056 0.010156
0 0.512500 0.411328 0.016667 0.010156
0 0.641667 0.406641 0.016667 0.010156
0 0.655556 0.404297 0.016667 0.010156
0 0.611806 0.392188 0.018056 0.010937
0 0.536806 0.324609 0.018056 0.011719
0 0.270833 0.275391 0.016667 0.010156
0 0.404861 0.276953 0.018056 0.010156
0 0.352083 0.292578 0.015278 0.010156
0 0.377083 0.277344 0.020833 0.010937
0 0.485417 0.308984 0.020833 0.013281
0 0.433333 0.339453 0.019444 0.011719
0 0.588194 0.366406 0.018056 0.010937
0 0.562500 0.382422 0.019444 0.011719
0 0.459722 0.354687 0.019444 0.010937
0 0.323611 0.292187 0.016667 0.009375
0 0.297917 0.409766 0.015278 0.010156
