0 0.290278 0.407422 0.019444 0.010156
0 0.661111 0.273828 0.019444 0.010156
0 0.650694 0.274219 0.018056 0.009375
0 0.406250 0.275391 0.018056 0.011719
0 0.641667 0.405078 0.016667 0.010156
0 0.290278 0.274219 0.019444 0.010937
0 0.613194 0.391406 0.018056 0.010937
0 0.512500 0.410547 0.016667 0.010156
0 0.272222 0.274219 0.016667 0.009375
0 0.658333 0.402734 0.016667 0.010156
0 0.354167 0.290234 0.016667 0.010156
0 0.377778 0.275391 0.019444 0.011719
0 0.538889 0.322656 0.019444 0.012500
0 0.324306 0.290625 0.018056 0.010937
0 0.434722 0.337109 0.019444 0.010156
0 0.486111 0.307812 0.022222 0.014063
0 0.588194 0.364844 0.018056 0.010937
0 0.562500 0.381250 0.019444 0.010937
0 0.461806 0.352344 0.020833 0.010937
