0 0.297917 0.405469 0.015278 0.009375
0 0.661806 0.272656 0.018056 0.009375
0 0.286111 0.405469 0.016667 0.009375
0 0.650000 0.273438 0.016667 0.009375
0 0.611111 0.390625 0.016667 0.010937
0 0.513889 0.409766 0.016667 0.010156
0 0.405556 0.273828 0.016667 0.010156
0 0.641667 0.403906 0.016667 0.009375
0 0.270139 0.272656 0.015278 0.009375
0 0.290972 0.273047 0.018056 0.010156
0 0.354167 0.288672 0.016667 0.010156
0 0.323611 0.289453 0.016667 0.010156
0 0.434722 0.335938 0.019444 0.010937
0 0.538889 0.321875 0.019444 0.012500
0 0.377778 0.274219 0.019444 0.010937
0 0.484722 0.307031 0.022222 0.012500
0 0.658333 0.401953 0.016667 0.010156
0 0.588194 0.364063 0.018056 0.010937
0 0.562500 0.380859 0.019444 0.011719
0 0.461111 0.351172 0.019444 0.011719
