0 0.284722 0.403125 0.016667 0.009375
0 0.661111 0.270703 0.016667 0.010156
0 0.293056 0.403906 0.016667 0.009375
0 0.610417 0.389844 0.018056 0.010937
0 0.322222 0.287109 0.016667 0.010156
0 0.650694 0.272266 0.015278 0.008594
0 0.536806 0.319531 0.018056 0.010937
0 0.511111 0.407813 0.016667 0.009375
0 0.657639 0.400781 0.015278 0.009375
0 0.270139 0.270313 0.015278 0.009375
0 0.484028 0.304688 0.020833 0.012500
0 0.640278 0.402734 0.016667 0.010156
0 0.350000 0.287109 0.016667 0.010156
0 0.404167 0.271875 0.019444 0.010937
0 0.290278 0.270703 0.016667 0.010156
0 0.587500 0.362500 0.019444 0.010937
0 0.377778 0.271875 0.019444 0.010937
0 0.459722 0.349219 0.019444 0.010937
0 0.432639 0.334766 0.020833 0.011719
0 0.561111 0.378516 0.019444 0.011719
