0 0.277083 0.400781 0.015278 0.009375
0 0.661111 0.267578 0.016667 0.010156
0 0.285417 0.268750 0.018056 0.010937
0 0.292361 0.402344 0.015278 0.009375
0 0.649306 0.270313 0.015278 0.009375
0 0.400694 0.269922 0.018056 0.010156
0 0.656250 0.399219 0.015278 0.009375
0 0.639583 0.401172 0.018056 0.010156
0 0.535417 0.317188 0.018056 0.010937
0 0.609722 0.387891 0.016667 0.011719
0 0.511111 0.403125 0.016667 0.010937
0 0.479861 0.302344 0.020833 0.012500
0 0.373611 0.269141 0.019444 0.011719
0 0.349306 0.285156 0.018056 0.010937
0 0.319444 0.285156 0.019444 0.010937
0 0.457639 0.347266 0.018056 0.011719
0 0.586111 0.360938 0.019444 0.010937
0 0.558333 0.376563 0.019444 0.010937
0 0.429861 0.332422 0.020833 0.011719
0 0.265278 0.268750 0.013889 0.009375
