0 0.277778 0.401562 0.013889 0.009375
0 0.662500 0.267969 0.016667 0.009375
0 0.287500 0.267969 0.016667 0.009375
0 0.650000 0.270313 0.016667 0.009375
0 0.266667 0.267969 0.016667 0.009375
0 0.292361 0.403125 0.015278 0.009375
0 0.402083 0.269922 0.018056 0.010156
0 0.656250 0.400000 0.015278 0.009375
0 0.536111 0.317188 0.019444 0.010937
0 0.640278 0.401562 0.016667 0.009375
0 0.510417 0.403906 0.018056 0.010937
0 0.610417 0.387891 0.018056 0.011719
0 0.374306 0.269141 0.020833 0.011719
0 0.481944 0.302734 0.022222 0.013281
0 0.320139 0.284766 0.018056 0.011719
0 0.586111 0.361328 0.019444 0.011719
0 0.349306 0.285156 0.018056 0.010937
0 0.430556 0.332813 0.019444 0.010937
0 0.558333 0.376953 0.019444 0.011719
0 0.458333 0.347656 0.019444 0.010937
