0 0.296528 0.402344 0.015278 0.009375
0 0.288194 0.402344 0.018056 0.009375
0 0.669444 0.268750 0.016667 0.010937
0 0.655556 0.269531 0.016667 0.009375
0 0.647222 0.402734 0.016667 0.010156
0 0.273611 0.267188 0.016667 0.009375
0 0.409722 0.269922 0.016667 0.011719
0 0.293056 0.268359 0.016667 0.010156
0 0.659722 0.400391 0.016667 0.010156
0 0.515972 0.407031 0.018056 0.010937
0 0.591667 0.361719 0.019444 0.010937
0 0.381250 0.269531 0.018056 0.010937
0 0.325694 0.284375 0.018056 0.010937
0 0.354167 0.285156 0.016667 0.009375
0 0.488194 0.301953 0.020833 0.013281
0 0.463194 0.348438 0.018056 0.010937
0 0.542361 0.318359 0.020833 0.013281
0 0.615278 0.389062 0.016667 0.010937
0 0.436111 0.332813 0.019444 0.010937
0 0.565972 0.377734 0.020833 0.011719
