0 0.289583 0.400000 0.020833 0.009375
0 0.645833 0.400781 0.019444 0.009375
0 0.670833 0.266016 0.016667 0.010156
0 0.656250 0.267188 0.015278 0.009375
0 0.352778 0.282813 0.016667 0.010937
0 0.291667 0.266016 0.016667 0.010156
0 0.565972 0.376172 0.018056 0.011719
0 0.660417 0.398828 0.018056 0.010156
0 0.615278 0.387109 0.016667 0.010156
0 0.515972 0.404687 0.018056 0.010937
0 0.408333 0.266406 0.016667 0.010937
0 0.271528 0.263672 0.015278 0.008594
0 0.381944 0.266406 0.019444 0.010937
0 0.489583 0.300391 0.020833 0.013281
0 0.592361 0.359766 0.018056 0.010156
0 0.543750 0.316406 0.020833 0.012500
0 0.325000 0.282031 0.016667 0.010937
0 0.463889 0.345703 0.019444 0.011719
0 0.436111 0.330469 0.019444 0.010937
