0 0.280556 0.397656 0.016667 0.009375
0 0.668750 0.263281 0.018056 0.009375
0 0.654861 0.264062 0.015278 0.009375
0 0.407639 0.263281 0.018056 0.010937
0 0.292361 0.398438 0.015278 0.009375
0 0.514583 0.401562 0.018056 0.010937
0 0.659722 0.396875 0.016667 0.010937
0 0.645833 0.398438 0.016667 0.009375
0 0.289583 0.262109 0.018056 0.010156
0 0.269444 0.261328 0.016667 0.010156
0 0.614583 0.383594 0.018056 0.010937
0 0.352778 0.278906 0.016667 0.009375
0 0.565278 0.373437 0.019444 0.010937
0 0.540972 0.313281 0.020833 0.012500
0 0.487500 0.297266 0.022222 0.013281
0 0.590972 0.357031 0.018056 0.010937
0 0.378472 0.263281 0.020833 0.010937
0 0.322917 0.279297 0.018056 0.010156
0 0.462500 0.343750 0.019444 0.010937
0 0.434722 0.327734 0.019444 0.011719
