0 0.657639 0.262500 0.015278 0.009375
0 0.543750 0.310937 0.020833 0.012500
0 0.281944 0.395703 0.016667 0.008594
0 0.657639 0.394922 0.020833 0.011719
0 0.670833 0.261328 0.016667 0.010156
0 0.293056 0.396094 0.016667 0.009375
0 0.646528 0.395703 0.018056 0.010156
0 0.407639 0.261328 0.018056 0.010156
0 0.515278 0.400391 0.019444 0.011719
0 0.270139 0.258594 0.015278 0.009375
0 0.615972 0.383594 0.018056 0.010937
0 0.291667 0.259766 0.016667 0.010156
0 0.488194 0.295312 0.020833 0.012500
0 0.354167 0.276172 0.016667 0.010156
0 0.324306 0.276953 0.018056 0.010156
0 0.379861 0.261719 0.018056 0.010937
0 0.463889 0.341406 0.019444 0.010937
0 0.566667 0.371484 0.019444 0.011719
0 0.592361 0.355078 0.018056 0.011719
0 0.436111 0.325000 0.019444 0.010937
