0 0.290278 0.258203 0.036111 0.008594
0 0.674306 0.392969 0.015278 0.010937
0 0.290278 0.394922 0.016667 0.010156
0 0.681250 0.260937 0.015278 0.009375
0 0.665278 0.262109 0.016667 0.010156
0 0.300694 0.258594 0.018056 0.009375
0 0.302778 0.394922 0.016667 0.010156
0 0.361806 0.275781 0.018056 0.009375
0 0.280556 0.257422 0.016667 0.008594
0 0.552778 0.308984 0.019444 0.013281
0 0.523611 0.399609 0.019444 0.010156
0 0.602778 0.354297 0.019444 0.011719
0 0.417361 0.260156 0.018056 0.010937
0 0.625694 0.382422 0.018056 0.011719
0 0.388194 0.260547 0.020833 0.011719
0 0.497917 0.294141 0.020833 0.013281
0 0.334028 0.275391 0.018056 0.010156
0 0.445833 0.325000 0.019444 0.010937
0 0.472917 0.340234 0.020833 0.011719
0 0.573611 0.370312 0.019444 0.012500
0 0.653472 0.395703 0.012500 0.008594
