0 0.318750 0.396094 0.018056 0.009375
0 0.700694 0.260937 0.015278 0.009375
0 0.688194 0.262109 0.015278 0.010156
0 0.308333 0.396094 0.025000 0.010937
0 0.691667 0.395703 0.016667 0.010156
0 0.297917 0.258594 0.015278 0.009375
0 0.622222 0.356250 0.019444 0.010937
0 0.571528 0.310547 0.020833 0.013281
0 0.436806 0.261328 0.018056 0.011719
0 0.490278 0.341016 0.019444 0.011719
0 0.643750 0.382812 0.018056 0.010937
0 0.541667 0.401172 0.019444 0.011719
0 0.674306 0.397266 0.018056 0.010156
0 0.380556 0.275391 0.019444 0.010156
0 0.352083 0.275781 0.018056 0.010937
0 0.463889 0.325781 0.019444 0.010937
0 0.518056 0.294922 0.025000 0.014844
0 0.408333 0.260547 0.019444 0.011719
0 0.594444 0.371484 0.019444 0.011719
0 0.318056 0.259375 0.013889 0.014063
