0 0.323611 0.398047 0.016667 0.010156
0 0.712500 0.262891 0.019444 0.010156
0 0.722917 0.262109 0.015278 0.010156
0 0.709028 0.398438 0.018056 0.009375
0 0.336111 0.399219 0.016667 0.009375
0 0.695833 0.399609 0.016667 0.010156
0 0.457639 0.262500 0.018056 0.010937
0 0.592361 0.312109 0.020833 0.011719
0 0.336111 0.260547 0.019444 0.010156
0 0.314583 0.259766 0.015278 0.010156
0 0.562500 0.403906 0.019444 0.010937
0 0.643750 0.358203 0.018056 0.011719
0 0.540278 0.297266 0.022222 0.013281
0 0.370139 0.278125 0.018056 0.010937
0 0.615278 0.373828 0.019444 0.011719
0 0.427778 0.262109 0.019444 0.011719
0 0.399306 0.276953 0.018056 0.010156
0 0.510417 0.343750 0.020833 0.012500
0 0.664583 0.385937 0.018056 0.010937
0 0.483333 0.327734 0.019444 0.011719
