0 0.606944 0.310937 0.019444 0.012500
0 0.410417 0.274219 0.018056 0.010937
0 0.346528 0.398828 0.018056 0.010156
0 0.577083 0.401953 0.018056 0.010156
0 0.743056 0.259766 0.013889 0.008594
0 0.326389 0.256641 0.016667 0.010156
0 0.347222 0.257422 0.016667 0.010156
0 0.334028 0.398438 0.018056 0.010937
0 0.725000 0.397656 0.019444 0.010937
0 0.709028 0.399609 0.018056 0.010156
0 0.679167 0.385156 0.019444 0.010937
0 0.551389 0.294922 0.022222 0.013281
0 0.470139 0.260547 0.020833 0.011719
0 0.656944 0.357422 0.019444 0.011719
0 0.630556 0.373828 0.019444 0.011719
0 0.381250 0.274609 0.018056 0.010156
0 0.438889 0.259766 0.019444 0.011719
0 0.497222 0.326172 0.019444 0.011719
0 0.524306 0.342578 0.020833 0.011719
0 0.722222 0.260156 0.011111 0.010937
