0 0.766667 0.256250 0.016667 0.010937
0 0.400000 0.270703 0.016667 0.010156
0 0.368750 0.398438 0.018056 0.009375
0 0.756944 0.257422 0.016667 0.010156
0 0.751389 0.397266 0.016667 0.010156
0 0.353472 0.397656 0.018056 0.010937
0 0.493056 0.257031 0.016667 0.010937
0 0.601389 0.401562 0.019444 0.010937
0 0.633333 0.308984 0.019444 0.013281
0 0.738889 0.399219 0.016667 0.009375
0 0.655556 0.372656 0.019444 0.010937
0 0.461806 0.255469 0.020833 0.012500
0 0.578472 0.291406 0.020833 0.012500
0 0.684722 0.355859 0.019444 0.011719
0 0.368056 0.253516 0.016667 0.010156
0 0.433333 0.271484 0.019444 0.011719
0 0.705556 0.385156 0.019444 0.010937
0 0.518750 0.324609 0.020833 0.011719
0 0.547222 0.341016 0.019444 0.011719
0 0.343750 0.253125 0.018056 0.010937
