0 0.353472 0.256250 0.040278 0.009375
0 0.365278 0.402734 0.016667 0.010156
0 0.772917 0.259766 0.018056 0.010156
0 0.349306 0.401953 0.018056 0.010156
0 0.760417 0.260937 0.015278 0.009375
0 0.399306 0.274219 0.018056 0.009375
0 0.760417 0.401953 0.018056 0.010156
0 0.366667 0.255859 0.016667 0.010156
0 0.342361 0.255469 0.015278 0.009375
0 0.604167 0.409375 0.019444 0.010937
0 0.493750 0.259375 0.020833 0.010937
0 0.430556 0.274219 0.019444 0.010937
0 0.636806 0.311719 0.020833 0.012500
0 0.581944 0.295312 0.022222 0.014063
0 0.688194 0.360547 0.020833 0.013281
0 0.463194 0.258203 0.020833 0.011719
0 0.740278 0.404297 0.016667 0.010156
0 0.709722 0.389844 0.019444 0.012500
0 0.658333 0.376953 0.019444 0.011719
0 0.520833 0.328516 0.022222 0.013281
0 0.548611 0.344922 0.019444 0.011719
