0 0.757639 0.263672 0.018056 0.010156
0 0.347917 0.408203 0.018056 0.010156
0 0.587500 0.415625 0.019444 0.012500
0 0.745139 0.407031 0.015278 0.009375
0 0.332639 0.408203 0.018056 0.010156
0 0.742361 0.264844 0.015278 0.009375
0 0.323611 0.260547 0.016667 0.010156
0 0.475694 0.264844 0.020833 0.012500
0 0.727083 0.409766 0.018056 0.010156
0 0.413889 0.280078 0.019444 0.011719
0 0.347917 0.262109 0.018056 0.010156
0 0.443750 0.264062 0.020833 0.012500
0 0.381944 0.280078 0.019444 0.010156
0 0.563194 0.301563 0.026389 0.015625
0 0.618056 0.318359 0.022222 0.013281
0 0.694444 0.395703 0.019444 0.011719
0 0.672917 0.366016 0.020833 0.013281
0 0.503472 0.334375 0.020833 0.012500
0 0.531250 0.350781 0.020833 0.012500
0 0.642361 0.382812 0.020833 0.012500
