0 0.310417 0.405078 0.018056 0.010156
0 0.726389 0.405859 0.019444 0.010156
0 0.329861 0.407422 0.018056 0.010156
0 0.570833 0.414844 0.019444 0.010937
0 0.744444 0.260937 0.016667 0.009375
0 0.545139 0.299219 0.023611 0.014063
0 0.731250 0.262500 0.018056 0.010937
0 0.711806 0.407422 0.018056 0.010156
0 0.456250 0.260937 0.020833 0.012500
0 0.656250 0.364063 0.020833 0.012500
0 0.304167 0.257422 0.016667 0.010156
0 0.425694 0.261328 0.020833 0.011719
0 0.327778 0.258594 0.019444 0.010937
0 0.395139 0.276953 0.018056 0.011719
0 0.602778 0.314844 0.022222 0.012500
0 0.364583 0.277344 0.018056 0.010937
0 0.680556 0.393359 0.019444 0.011719
0 0.627083 0.381641 0.020833 0.013281
0 0.485417 0.332031 0.020833 0.012500
0 0.515278 0.348438 0.022222 0.012500
