0 0.554861 0.408594 0.020833 0.012500
0 0.718750 0.400781 0.020833 0.010937
0 0.310417 0.401562 0.018056 0.009375
0 0.282639 0.250000 0.018056 0.010937
0 0.732639 0.251953 0.018056 0.010156
0 0.715972 0.253125 0.015278 0.009375
0 0.291667 0.400781 0.016667 0.009375
0 0.436111 0.252734 0.022222 0.013281
0 0.404167 0.253516 0.022222 0.013281
0 0.373611 0.271094 0.019444 0.012500
0 0.611806 0.376563 0.020833 0.012500
0 0.698611 0.402734 0.016667 0.010156
0 0.527083 0.291406 0.023611 0.014063
0 0.304861 0.250781 0.018056 0.010937
0 0.342361 0.270313 0.020833 0.012500
0 0.496528 0.343359 0.020833 0.013281
0 0.467361 0.326172 0.020833 0.013281
0 0.587500 0.308984 0.025000 0.014844
0 0.640972 0.358203 0.020833 0.013281
0 0.665972 0.389062 0.020833 0.012500
