0 0.266667 0.397266 0.022222 0.011719
0 0.279861 0.398438 0.018056 0.010937
0 0.531250 0.404687 0.020833 0.012500
0 0.715278 0.241797 0.016667 0.011719
0 0.370833 0.243359 0.022222 0.013281
0 0.695833 0.243359 0.016667 0.010156
0 0.405556 0.242578 0.022222 0.014844
0 0.270139 0.241016 0.018056 0.011719
0 0.704167 0.395313 0.016667 0.010937
0 0.245139 0.239453 0.018056 0.010156
0 0.501389 0.283203 0.025000 0.014844
0 0.309028 0.260937 0.020833 0.012500
0 0.339583 0.261719 0.020833 0.012500
0 0.681944 0.397656 0.019444 0.010937
0 0.591667 0.370703 0.022222 0.013281
0 0.622917 0.351953 0.020833 0.013281
0 0.563889 0.300781 0.025000 0.015625
0 0.438889 0.318359 0.022222 0.013281
0 0.470833 0.336328 0.022222 0.013281
0 0.646528 0.383984 0.020833 0.013281
