0 0.229861 0.395703 0.015278 0.010156
0 0.699306 0.234375 0.018056 0.010937
0 0.509722 0.403125 0.019444 0.010937
0 0.212500 0.233203 0.016667 0.010156
0 0.679167 0.235156 0.019444 0.010937
0 0.691667 0.391016 0.016667 0.010156
0 0.343056 0.235937 0.025000 0.014063
0 0.248611 0.396484 0.016667 0.010156
0 0.376389 0.235937 0.025000 0.014063
0 0.477083 0.276562 0.023611 0.014063
0 0.238194 0.233203 0.018056 0.011719
0 0.571528 0.367578 0.020833 0.013281
0 0.278472 0.254688 0.020833 0.012500
0 0.311806 0.254688 0.020833 0.012500
0 0.666667 0.395313 0.016667 0.010937
0 0.412500 0.313672 0.025000 0.013281
0 0.630556 0.380078 0.022222 0.013281
0 0.542361 0.295312 0.026389 0.015625
0 0.604167 0.348438 0.025000 0.014063
0 0.445139 0.332031 0.023611 0.014063
