0 0.219444 0.402734 0.016667 0.010156
0 0.238889 0.403125 0.016667 0.009375
0 0.699306 0.235937 0.018056 0.010937
0 0.226389 0.236719 0.019444 0.010937
0 0.197222 0.236328 0.016667 0.010156
0 0.366667 0.238672 0.025000 0.014844
0 0.331944 0.239844 0.025000 0.014063
0 0.690278 0.398047 0.016667 0.010156
0 0.504861 0.410156 0.020833 0.012500
0 0.677083 0.237500 0.018056 0.010937
0 0.300694 0.258984 0.020833 0.013281
0 0.266667 0.258594 0.022222 0.012500
0 0.665972 0.400781 0.018056 0.010937
0 0.600000 0.352344 0.022222 0.014063
0 0.537500 0.298828 0.025000 0.014844
0 0.470833 0.279687 0.025000 0.015625
0 0.629167 0.386719 0.022222 0.014063
0 0.568056 0.372266 0.025000 0.014844
0 0.440278 0.337500 0.025000 0.014063
0 0.405556 0.319141 0.022222 0.013281
