0 0.205556 0.405859 0.016667 0.010156
0 0.226389 0.407422 0.016667 0.010156
0 0.209722 0.235937 0.019444 0.010937
0 0.697222 0.234766 0.019444 0.011719
0 0.181250 0.236328 0.015278 0.010156
0 0.318750 0.240234 0.023611 0.014844
0 0.353472 0.239453 0.026389 0.014844
0 0.495139 0.413672 0.020833 0.011719
0 0.685417 0.401562 0.018056 0.010937
0 0.252083 0.259375 0.020833 0.012500
0 0.672222 0.237500 0.016667 0.010937
0 0.285417 0.260156 0.020833 0.012500
0 0.593056 0.355078 0.022222 0.013281
0 0.461111 0.280469 0.027778 0.017188
0 0.530556 0.299609 0.025000 0.014844
0 0.662500 0.404687 0.019444 0.010937
0 0.562500 0.375000 0.025000 0.014063
0 0.624306 0.389453 0.020833 0.013281
0 0.393750 0.321094 0.023611 0.014063
0 0.427778 0.339844 0.025000 0.014063
