0 0.199306 0.408203 0.018056 0.010156
0 0.219444 0.408984 0.019444 0.010156
0 0.173611 0.235937 0.016667 0.010937
0 0.694444 0.233984 0.016667 0.011719
0 0.200000 0.236719 0.019444 0.010937
0 0.347222 0.239063 0.025000 0.014063
0 0.311111 0.240234 0.025000 0.014844
0 0.279167 0.259766 0.022222 0.013281
0 0.491667 0.416016 0.019444 0.011719
0 0.525694 0.299609 0.023611 0.014844
0 0.686111 0.403125 0.019444 0.010937
0 0.245139 0.260156 0.020833 0.012500
0 0.671528 0.236719 0.018056 0.010937
0 0.622222 0.389844 0.022222 0.014063
0 0.559028 0.376563 0.026389 0.014063
0 0.591667 0.356641 0.022222 0.013281
0 0.660417 0.406641 0.018056 0.011719
0 0.422917 0.340625 0.026389 0.014063
0 0.456250 0.281250 0.029167 0.017188
0 0.388889 0.322266 0.025000 0.014844
