0 0.213889 0.409766 0.016667 0.010156
0 0.235417 0.412109 0.015278 0.010156
0 0.213889 0.238672 0.016667 0.010156
0 0.711806 0.236719 0.018056 0.010937
0 0.188889 0.238672 0.016667 0.010156
0 0.688194 0.238281 0.018056 0.010937
0 0.325694 0.242578 0.023611 0.014844
0 0.506250 0.418750 0.018056 0.010937
0 0.636806 0.393750 0.020833 0.014063
0 0.363889 0.241797 0.025000 0.014844
0 0.703472 0.405078 0.015278 0.010156
0 0.573611 0.380078 0.022222 0.013281
0 0.541667 0.303516 0.025000 0.014844
0 0.260417 0.262500 0.020833 0.012500
0 0.403472 0.325000 0.026389 0.014063
0 0.678472 0.409766 0.018056 0.011719
0 0.607639 0.359375 0.023611 0.014063
0 0.472222 0.283984 0.027778 0.016406
0 0.293750 0.262891 0.020833 0.013281
0 0.438889 0.344922 0.025000 0.014844
