0 0.711806 0.409375 0.043056 0.010937
0 0.249306 0.413281 0.018056 0.010937
0 0.228472 0.412109 0.015278 0.010156
0 0.232639 0.239844 0.018056 0.012500
0 0.734028 0.235937 0.018056 0.010937
0 0.276389 0.262891 0.022222 0.013281
0 0.711111 0.237891 0.019444 0.011719
0 0.528472 0.419531 0.023611 0.014063
0 0.725000 0.406641 0.016667 0.010156
0 0.204167 0.237109 0.016667 0.010156
0 0.383333 0.241797 0.025000 0.014844
0 0.345833 0.242578 0.025000 0.014844
0 0.561806 0.303906 0.023611 0.015625
0 0.700000 0.410547 0.019444 0.011719
0 0.658333 0.394922 0.025000 0.014844
0 0.312500 0.262891 0.022222 0.013281
0 0.422222 0.325781 0.025000 0.014063
0 0.594444 0.381250 0.025000 0.014063
0 0.492361 0.283984 0.029167 0.016406
0 0.629167 0.360156 0.025000 0.014063
0 0.459028 0.344922 0.026389 0.014844
