0 0.734722 0.236719 0.038889 0.010937
0 0.238889 0.412109 0.016667 0.010156
0 0.259722 0.414062 0.016667 0.010937
0 0.724306 0.237891 0.018056 0.011719
0 0.213889 0.237109 0.016667 0.010156
0 0.322222 0.262109 0.022222 0.013281
0 0.736806 0.407813 0.015278 0.010937
0 0.241667 0.238672 0.019444 0.011719
0 0.393750 0.241016 0.026389 0.014844
0 0.748611 0.235937 0.016667 0.010937
0 0.355556 0.241406 0.027778 0.015625
0 0.286806 0.262109 0.023611 0.013281
0 0.711806 0.411719 0.018056 0.010937
0 0.538889 0.421094 0.022222 0.012500
0 0.671528 0.396094 0.023611 0.014063
0 0.433333 0.326172 0.025000 0.014844
0 0.574306 0.303125 0.026389 0.015625
0 0.468750 0.345313 0.026389 0.015625
0 0.504167 0.284375 0.030556 0.017188
0 0.641667 0.360547 0.025000 0.014844
0 0.607639 0.382422 0.026389 0.014844
