0 0.243750 0.412109 0.018056 0.010156
0 0.264583 0.412500 0.018056 0.010937
0 0.754861 0.234375 0.018056 0.010937
0 0.247917 0.236328 0.018056 0.011719
0 0.744444 0.406250 0.016667 0.010937
0 0.731250 0.236719 0.020833 0.012500
0 0.678472 0.395313 0.020833 0.014063
0 0.220833 0.235547 0.016667 0.010156
0 0.545833 0.419141 0.022222 0.013281
0 0.363194 0.239453 0.026389 0.014844
0 0.292361 0.260547 0.023611 0.013281
0 0.399306 0.239453 0.026389 0.014844
0 0.329861 0.261328 0.020833 0.013281
0 0.581250 0.300781 0.026389 0.015625
0 0.511111 0.282813 0.027778 0.017188
0 0.440972 0.324609 0.026389 0.014844
0 0.717361 0.410547 0.018056 0.011719
0 0.648611 0.359375 0.025000 0.014063
0 0.475694 0.344531 0.026389 0.015625
0 0.613889 0.380469 0.025000 0.014063
