0 0.756250 0.234766 0.043056 0.010156
0 0.256944 0.410156 0.016667 0.010937
0 0.234722 0.235547 0.016667 0.010156
0 0.755556 0.405859 0.016667 0.010156
0 0.559028 0.418359 0.020833 0.013281
0 0.690972 0.394141 0.020833 0.013281
0 0.768750 0.233594 0.018056 0.010937
0 0.261806 0.236719 0.018056 0.010937
0 0.413889 0.239063 0.025000 0.014063
0 0.743750 0.235937 0.018056 0.010937
0 0.306944 0.259766 0.022222 0.013281
0 0.343056 0.260547 0.022222 0.013281
0 0.375694 0.239453 0.026389 0.014844
0 0.595833 0.300000 0.025000 0.015625
0 0.729861 0.410156 0.018056 0.010937
0 0.488194 0.342969 0.026389 0.015625
0 0.453472 0.323437 0.026389 0.014063
0 0.524306 0.282031 0.029167 0.017188
0 0.661111 0.358984 0.025000 0.014844
0 0.627778 0.379688 0.025000 0.015625
0 0.279861 0.410547 0.009722 0.008594
