0 0.775694 0.241016 0.040278 0.011719
0 0.301389 0.416406 0.016667 0.009375
0 0.286111 0.242969 0.016667 0.010937
0 0.577778 0.423828 0.022222 0.013281
0 0.279861 0.415234 0.015278 0.010156
0 0.258333 0.242188 0.016667 0.010937
0 0.436806 0.245703 0.026389 0.016406
0 0.785417 0.240234 0.018056 0.011719
0 0.679861 0.364063 0.023611 0.014063
0 0.398611 0.246875 0.027778 0.015625
0 0.365972 0.266016 0.020833 0.013281
0 0.762500 0.241797 0.016667 0.011719
0 0.544444 0.288672 0.027778 0.016406
0 0.330556 0.266016 0.022222 0.013281
0 0.708333 0.398828 0.022222 0.013281
0 0.772222 0.410547 0.016667 0.010156
0 0.745833 0.414844 0.019444 0.010937
0 0.510417 0.348828 0.026389 0.014844
0 0.614583 0.307031 0.026389 0.015625
0 0.644444 0.384375 0.025000 0.014063
0 0.474306 0.329297 0.026389 0.014844
