0 0.781250 0.248438 0.037500 0.010937
0 0.289583 0.420312 0.015278 0.009375
0 0.297917 0.248828 0.018056 0.010156
0 0.770139 0.249219 0.018056 0.010937
0 0.311111 0.421484 0.016667 0.010156
0 0.780556 0.414453 0.016667 0.010156
0 0.792361 0.246875 0.018056 0.010937
0 0.586111 0.428906 0.019444 0.012500
0 0.270833 0.248828 0.016667 0.010156
0 0.753472 0.418750 0.018056 0.010937
0 0.342361 0.272656 0.020833 0.012500
0 0.447222 0.252734 0.025000 0.014844
0 0.554861 0.294141 0.026389 0.016406
0 0.687500 0.369141 0.022222 0.013281
0 0.715972 0.403906 0.023611 0.014063
0 0.376389 0.273828 0.022222 0.013281
0 0.410417 0.253516 0.026389 0.014844
0 0.484722 0.335156 0.025000 0.014063
0 0.623611 0.312500 0.025000 0.014063
0 0.653472 0.389453 0.023611 0.013281
0 0.518750 0.354297 0.026389 0.014844
