0 0.290972 0.421875 0.015278 0.009375
0 0.586806 0.430469 0.018056 0.014063
0 0.300000 0.253906 0.016667 0.010937
0 0.779167 0.416797 0.016667 0.010156
0 0.314583 0.423438 0.015278 0.009375
0 0.448611 0.257031 0.025000 0.014063
0 0.343750 0.276953 0.020833 0.013281
0 0.769444 0.253906 0.016667 0.010937
0 0.715278 0.406641 0.022222 0.013281
0 0.753472 0.421094 0.018056 0.010937
0 0.791667 0.250781 0.016667 0.010937
0 0.274306 0.252344 0.018056 0.010937
0 0.379167 0.276953 0.022222 0.013281
0 0.412500 0.257422 0.025000 0.014844
0 0.622917 0.316016 0.023611 0.014844
0 0.486111 0.338281 0.025000 0.014063
0 0.554861 0.298047 0.026389 0.016406
0 0.520139 0.357422 0.026389 0.014844
0 0.686111 0.372266 0.025000 0.014844
0 0.652778 0.392188 0.025000 0.014063
