0 0.294444 0.421875 0.016667 0.009375
0 0.302778 0.252734 0.016667 0.010156
0 0.586806 0.430078 0.020833 0.013281
0 0.345139 0.275391 0.023611 0.013281
0 0.779167 0.416797 0.016667 0.010156
0 0.315972 0.422266 0.015278 0.010156
0 0.715278 0.405859 0.022222 0.013281
0 0.276389 0.251953 0.016667 0.010156
0 0.752778 0.421094 0.019444 0.010937
0 0.768750 0.253125 0.018056 0.010937
0 0.791667 0.250391 0.016667 0.011719
0 0.449306 0.256641 0.023611 0.014844
0 0.486111 0.337109 0.025000 0.014844
0 0.412500 0.256641 0.025000 0.014844
0 0.622917 0.315234 0.023611 0.013281
0 0.380556 0.276562 0.022222 0.012500
0 0.686806 0.371484 0.023611 0.014844
0 0.555556 0.297656 0.027778 0.017188
0 0.652778 0.391406 0.022222 0.014063
0 0.520139 0.356641 0.026389 0.014844
