0 0.786806 0.249609 0.018056 0.010156
0 0.289583 0.421094 0.015278 0.009375
0 0.311806 0.421875 0.015278 0.009375
0 0.582639 0.428906 0.020833 0.012500
0 0.297917 0.253906 0.018056 0.010937
0 0.443056 0.256250 0.022222 0.014063
0 0.772917 0.417187 0.018056 0.010937
0 0.681250 0.371094 0.023611 0.014063
0 0.340278 0.276172 0.022222 0.013281
0 0.272222 0.251172 0.016667 0.010156
0 0.762500 0.251953 0.016667 0.010156
0 0.481250 0.336719 0.026389 0.014063
0 0.709028 0.405859 0.020833 0.013281
0 0.747917 0.420312 0.018056 0.010937
0 0.550000 0.297656 0.027778 0.015625
0 0.408333 0.256641 0.025000 0.014844
0 0.647917 0.391016 0.023611 0.013281
0 0.375694 0.276953 0.020833 0.013281
0 0.514583 0.355859 0.026389 0.014844
0 0.616667 0.315625 0.025000 0.015625
