0 0.275694 0.423047 0.015278 0.010156
0 0.766667 0.252734 0.016667 0.011719
0 0.753472 0.419141 0.018056 0.010156
0 0.293056 0.423438 0.016667 0.010937
0 0.280556 0.255859 0.016667 0.010156
0 0.254861 0.255078 0.015278 0.010156
0 0.562500 0.430469 0.019444 0.012500
0 0.423611 0.258984 0.022222 0.013281
0 0.322917 0.278516 0.020833 0.011719
0 0.388889 0.259375 0.025000 0.014063
0 0.743750 0.255859 0.018056 0.011719
0 0.530556 0.299609 0.027778 0.016406
0 0.357639 0.278125 0.020833 0.012500
0 0.597222 0.319141 0.025000 0.014844
0 0.729167 0.421875 0.019444 0.010937
0 0.462500 0.339453 0.025000 0.014844
0 0.690278 0.407422 0.022222 0.013281
0 0.661111 0.373047 0.025000 0.014844
0 0.495833 0.358203 0.025000 0.014844
0 0.629167 0.392969 0.025000 0.014063
