0 0.261111 0.424609 0.016667 0.010156
0 0.751389 0.255078 0.016667 0.010156
0 0.280556 0.425391 0.013889 0.008594
0 0.727778 0.257812 0.016667 0.010937
0 0.372222 0.262500 0.022222 0.014063
0 0.238889 0.258203 0.016667 0.010156
0 0.407639 0.261719 0.023611 0.014063
0 0.545833 0.433594 0.022222 0.012500
0 0.740972 0.421094 0.018056 0.010937
0 0.263194 0.258984 0.018056 0.010156
0 0.676389 0.409375 0.025000 0.014063
0 0.645833 0.376172 0.022222 0.013281
0 0.715278 0.424609 0.016667 0.011719
0 0.306250 0.281641 0.020833 0.013281
0 0.340972 0.281250 0.020833 0.014063
0 0.444444 0.341406 0.025000 0.014063
0 0.513194 0.302344 0.029167 0.015625
0 0.613194 0.396094 0.023611 0.014063
0 0.480556 0.360938 0.025000 0.014063
0 0.581944 0.322266 0.027778 0.016406
