0 0.379861 0.267969 0.056944 0.014063
0 0.252778 0.428516 0.016667 0.010156
0 0.270833 0.430078 0.016667 0.010156
0 0.740278 0.260937 0.016667 0.010937
0 0.361806 0.267969 0.023611 0.014063
0 0.395833 0.267188 0.022222 0.014063
0 0.535417 0.437500 0.023611 0.014063
0 0.716667 0.263281 0.016667 0.010937
0 0.602083 0.400000 0.023611 0.014063
0 0.569444 0.326562 0.025000 0.014063
0 0.704167 0.428906 0.016667 0.010937
0 0.634722 0.380859 0.022222 0.013281
0 0.665278 0.414453 0.022222 0.013281
0 0.330556 0.287500 0.022222 0.012500
0 0.436111 0.346875 0.025000 0.014063
0 0.729167 0.425000 0.016667 0.010937
0 0.502083 0.307812 0.029167 0.017188
0 0.468750 0.365234 0.026389 0.014844
0 0.228472 0.263281 0.015278 0.010937
0 0.258333 0.264062 0.016667 0.012500
0 0.297222 0.285938 0.019444 0.017188
