0 0.277778 0.283203 0.019444 0.011719
0 0.240972 0.426172 0.018056 0.010156
0 0.256250 0.426953 0.015278 0.010156
0 0.311806 0.285938 0.020833 0.012500
0 0.215278 0.261719 0.016667 0.009375
0 0.722917 0.259375 0.018056 0.010937
0 0.238194 0.262109 0.015278 0.010156
0 0.714583 0.424219 0.018056 0.010937
0 0.698611 0.262109 0.016667 0.011719
0 0.377778 0.264844 0.025000 0.014063
0 0.342361 0.266406 0.023611 0.014063
0 0.689583 0.426953 0.018056 0.010156
0 0.519444 0.435937 0.022222 0.012500
0 0.619444 0.378516 0.025000 0.014844
0 0.648611 0.412500 0.025000 0.014063
0 0.418056 0.344922 0.022222 0.013281
0 0.552083 0.324219 0.026389 0.015625
0 0.585417 0.398438 0.023611 0.014063
0 0.483333 0.305469 0.027778 0.017188
0 0.451389 0.363672 0.025000 0.014844
