0 0.233333 0.423047 0.016667 0.010156
0 0.248611 0.424219 0.016667 0.010937
0 0.715278 0.255859 0.016667 0.011719
0 0.206250 0.259375 0.015278 0.009375
0 0.271528 0.281250 0.020833 0.012500
0 0.690972 0.259375 0.015278 0.010937
0 0.232639 0.259375 0.018056 0.010937
0 0.369444 0.262109 0.025000 0.014844
0 0.304167 0.282422 0.019444 0.013281
0 0.332639 0.263281 0.023611 0.012500
0 0.681250 0.424609 0.018056 0.011719
0 0.511806 0.432812 0.023611 0.014063
0 0.707639 0.421484 0.018056 0.011719
0 0.609722 0.376563 0.025000 0.014063
0 0.575000 0.395703 0.025000 0.014844
0 0.639583 0.410938 0.023611 0.014063
0 0.474306 0.302734 0.029167 0.016406
0 0.408333 0.341797 0.025000 0.014844
0 0.443056 0.360938 0.025000 0.015625
0 0.543056 0.321875 0.027778 0.015625
