0 0.601562 0.820139 0.009375 0.0180556
0 0.599219 0.843056 0.009375 0.0166667
0 0.529688 0.440278 0.0078125 0.0138889
0 0.531641 0.41875 0.00859375 0.0152778
0 0.648047 0.461806 0.00859375 0.0152778
0 0.644922 0.483333 0.00859375 0.0166667
0 0.483594 0.780556 0.0078125 0.0138889
0 0.486328 0.759722 0.00859375 0.0166667
0 0.505859 0.709028 0.00859375 0.0152778
0 0.583984 0.620833 0.00859375 0.0166667
0 0.634375 0.565278 0.009375 0.0166667
0 0.613281 0.507639 0.009375 0.0180556
0 0.623828 0.536806 0.00859375 0.0180556
0 0.489844 0.727778 0.0078125 0.0166667
0 0.521094 0.692361 0.0078125 0.0152778
0 0.601172 0.602778 0.00859375 0.0166667
0 0.568359 0.638889 0.00859375 0.0166667
0 0.617578 0.585417 0.00859375 0.0152778
0 0.552734 0.656944 0.00859375 0.0166667
0 0.537109 0.673611 0.00859375 0.0166667
