0 0.601953 0.573611 0.0117188 0.0194444
0 0.466797 0.795833 0.00859375 0.0166667
0 0.612891 0.493056 0.0101562 0.0166667
0 0.613672 0.472222 0.00859375 0.0166667
0 0.496094 0.46875 0.009375 0.0180556
0 0.586328 0.838194 0.0101562 0.0180556
0 0.497656 0.446528 0.0078125 0.0152778
0 0.530078 0.679167 0.00859375 0.0166667
0 0.465625 0.815278 0.009375 0.0166667
0 0.583594 0.859722 0.009375 0.0166667
0 0.590234 0.597222 0.00859375 0.0166667
0 0.582031 0.522222 0.009375 0.0166667
0 0.5 0.719444 0.009375 0.0166667
0 0.469922 0.7625 0.00859375 0.0166667
0 0.59375 0.547917 0.009375 0.0152778
0 0.514844 0.7 0.0078125 0.0166667
0 0.484766 0.741667 0.00859375 0.0166667
0 0.544141 0.659722 0.00859375 0.0166667
0 0.60625 0.576389 0.009375 0.0166667
0 0.575 0.618056 0.009375 0.0166667
0 0.559766 0.638889 0.00859375 0.0166667
