0 0.575 0.870833 0.009375 0.0166667
0 0.45625 0.830556 0.0078125 0.0138889
0 0.460547 0.488194 0.00859375 0.0180556
0 0.460547 0.477083 0.00859375 0.0152778
0 0.456641 0.852083 0.00859375 0.0152778
0 0.576563 0.497917 0.0078125 0.0152778
0 0.575391 0.846528 0.00859375 0.0180556
0 0.576953 0.475694 0.00859375 0.0152778
0 0.460156 0.498611 0.0078125 0.0166667
0 0.55 0.532639 0.009375 0.0180556
0 0.45625 0.798611 0.0078125 0.0166667
0 0.482812 0.749306 0.0078125 0.0152778
0 0.469141 0.773611 0.00859375 0.0166667
0 0.548437 0.63125 0.009375 0.0152778
0 0.562109 0.60625 0.00859375 0.0152778
0 0.495313 0.726389 0.0078125 0.0166667
0 0.5625 0.558333 0.009375 0.0166667
0 0.534375 0.654861 0.009375 0.0152778
0 0.508594 0.702778 0.0078125 0.0166667
0 0.576563 0.581944 0.009375 0.0166667
0 0.521484 0.678472 0.00859375 0.0152778
