0 0.448047 0.86875 0.00859375 0.0152778
0 0.439844 0.49375 0.0078125 0.0152778
0 0.555078 0.480556 0.00859375 0.0166667
0 0.440234 0.514583 0.00859375 0.0152778
0 0.566016 0.852778 0.00859375 0.0166667
0 0.470703 0.764583 0.00859375 0.0152778
0 0.494922 0.715278 0.00859375 0.0166667
0 0.458203 0.788889 0.00859375 0.0166667
0 0.482812 0.740278 0.0078125 0.0166667
0 0.566016 0.875694 0.00859375 0.0180556
0 0.530469 0.540278 0.009375 0.0166667
0 0.555859 0.503472 0.00859375 0.0152778
0 0.519922 0.664583 0.00859375 0.0152778
0 0.532422 0.638889 0.00859375 0.0166667
0 0.446484 0.814583 0.00859375 0.0152778
0 0.448047 0.847917 0.00859375 0.0152778
0 0.507422 0.690278 0.00859375 0.0166667
0 0.545313 0.613194 0.009375 0.0152778
0 0.543359 0.563889 0.00859375 0.0166667
0 0.558594 0.588194 0.009375 0.0180556
