0 0.549219 0.509722 0.0109375 0.0277778
0 0.537891 0.889583 0.0132813 0.0208333
0 0.549219 0.498611 0.0109375 0.0194444
0 0.667969 0.891667 0.015625 0.0277778
0 0.678516 0.511806 0.0132813 0.0208333
0 0.629687 0.695139 0.0109375 0.0208333
0 0.540234 0.833333 0.0117188 0.0222222
0 0.598047 0.740972 0.0117188 0.0208333
0 0.668359 0.917361 0.0148437 0.0236111
0 0.678516 0.5375 0.0132813 0.0222222
0 0.615625 0.719444 0.0109375 0.0194444
0 0.661719 0.647917 0.0125 0.0208333
0 0.646875 0.673611 0.0125 0.0222222
0 0.548437 0.522222 0.0109375 0.0194444
0 0.646094 0.568056 0.0125 0.0222222
0 0.659766 0.597917 0.0117188 0.0208333
0 0.676953 0.625 0.0117188 0.0222222
0 0.538672 0.86875 0.0117188 0.0208333
0 0.583984 0.764583 0.0117188 0.0208333
0 0.56875 0.788194 0.0109375 0.0208333
0 0.554688 0.810417 0.0109375 0.0208333
