0 0.640234 0.892361 0.011719 0.023611
0 0.639062 0.904167 0.012500 0.019444
0 0.688672 0.782639 0.010156 0.018056
0 0.783203 0.556250 0.011719 0.020833
0 0.767188 0.616667 0.012500 0.016667
0 0.771094 0.938194 0.012500 0.018056
0 0.772656 0.914583 0.012500 0.020833
0 0.784375 0.534028 0.010937 0.020833
0 0.752734 0.590972 0.011719 0.020833
0 0.651953 0.540278 0.010156 0.019444
0 0.653125 0.517361 0.010937 0.018056
0 0.718750 0.737500 0.010937 0.019444
0 0.702344 0.760417 0.010937 0.020833
0 0.657031 0.824306 0.017188 0.020833
0 0.642578 0.851389 0.013281 0.022222
