0 0.832812 0.916667 0.009375 0.0361111
0 0.709766 0.529861 0.0101562 0.0208333
0 0.842188 0.552083 0.009375 0.0180556
0 0.702344 0.911111 0.0109375 0.0166667
0 0.842188 0.53125 0.009375 0.0180556
0 0.833984 0.90625 0.0101562 0.0180556
0 0.703125 0.85625 0.009375 0.0180556
0 0.710547 0.520833 0.0101562 0.0194444
0 0.703125 0.889583 0.009375 0.0180556
0 0.794531 0.713194 0.009375 0.0180556
0 0.709766 0.543056 0.0101562 0.0166667
0 0.825 0.615278 0.009375 0.0194444
0 0.839844 0.639583 0.009375 0.0180556
0 0.833203 0.927778 0.0101562 0.0194444
0 0.808594 0.688889 0.009375 0.0166667
0 0.748047 0.784028 0.0101562 0.0180556
0 0.824609 0.665972 0.0101562 0.0180556
0 0.811328 0.586806 0.0101562 0.0208333
0 0.71875 0.832639 0.009375 0.0180556
0 0.732813 0.809028 0.009375 0.0180556
0 0.763672 0.759722 0.00859375 0.0166667
0 0.778906 0.736806 0.009375 0.0180556
