0 0.693359 0.693056 0.0117188 0.0194444
0 0.735937 0.898611 0.0109375 0.0166667
0 0.613672 0.503472 0.0101562 0.0180556
0 0.637109 0.788889 0.0101562 0.0194444
0 0.666016 0.740972 0.0101562 0.0180556
0 0.735937 0.885417 0.0109375 0.0180556
0 0.741797 0.5125 0.0117188 0.0194444
0 0.623828 0.8125 0.0101562 0.0194444
0 0.681641 0.717361 0.0101562 0.0180556
0 0.713281 0.570833 0.0125 0.0194444
0 0.725781 0.59375 0.0109375 0.0180556
0 0.612891 0.527778 0.0117188 0.0194444
0 0.742969 0.536806 0.0109375 0.0180556
0 0.741797 0.622222 0.0101562 0.0194444
0 0.652344 0.766667 0.0109375 0.0194444
