0 0.644531 0.508333 0.0125 0.0222222
0 0.634766 0.868056 0.0132813 0.0222222
0 0.612891 0.654861 0.0117188 0.0208333
0 0.56875 0.725 0.0109375 0.0194444
0 0.64375 0.606944 0.0125 0.0222222
0 0.598047 0.679167 0.0117188 0.0194444
0 0.509766 0.873611 0.0117188 0.0194444
0 0.521875 0.494444 0.0109375 0.0194444
0 0.643359 0.523611 0.0117188 0.0194444
0 0.642969 0.500694 0.0125 0.0208333
0 0.613672 0.554861 0.0117188 0.0208333
0 0.553906 0.747917 0.0109375 0.0208333
0 0.519922 0.516667 0.0117188 0.0194444
0 0.541016 0.770139 0.0117188 0.0208333
0 0.526172 0.795139 0.0117188 0.0208333
0 0.584375 0.700694 0.0109375 0.0208333
0 0.629297 0.63125 0.0117188 0.0208333
0 0.510547 0.85 0.0117188 0.0194444
0 0.512109 0.81875 0.0117188 0.0208333
