0 0.523438 0.866667 0.009375 0.0333333
0 0.514844 0.625 0.009375 0.0194444
0 0.405469 0.843056 0.009375 0.0166667
0 0.526563 0.856944 0.009375 0.0166667
0 0.414453 0.486806 0.00859375 0.0152778
0 0.405078 0.863194 0.0101562 0.0180556
0 0.524219 0.880556 0.009375 0.0166667
0 0.533203 0.492361 0.00859375 0.0152778
0 0.531641 0.597222 0.00859375 0.0166667
0 0.517187 0.620139 0.009375 0.0152778
0 0.413281 0.508333 0.009375 0.0138889
0 0.532812 0.513889 0.009375 0.0166667
0 0.517578 0.572917 0.00859375 0.0152778
0 0.460547 0.715278 0.00859375 0.0166667
0 0.432813 0.7625 0.009375 0.0166667
0 0.489062 0.66875 0.009375 0.0180556
0 0.475 0.691667 0.009375 0.0166667
0 0.505078 0.547917 0.0101562 0.0180556
0 0.446875 0.738889 0.009375 0.0166667
0 0.405469 0.809028 0.009375 0.0180556
0 0.419531 0.786111 0.009375 0.0166667
0 0.503125 0.644444 0.009375 0.0166667
