0 0.446875 0.847222 0.009375 0.0388889
0 0.33125 0.845833 0.009375 0.0166667
0 0.33125 0.825 0.009375 0.0166667
0 0.338672 0.495139 0.00859375 0.0152778
0 0.452734 0.496528 0.00859375 0.0152778
0 0.437891 0.602778 0.00859375 0.0166667
0 0.453516 0.475 0.00859375 0.0166667
0 0.339063 0.474306 0.009375 0.0152778
0 0.439453 0.554167 0.00859375 0.0166667
0 0.451562 0.578472 0.009375 0.0180556
0 0.383984 0.697917 0.00859375 0.0152778
0 0.332422 0.790972 0.0101562 0.0180556
0 0.426562 0.530556 0.009375 0.0166667
0 0.370703 0.720833 0.00859375 0.0166667
0 0.446875 0.857639 0.009375 0.0180556
0 0.345313 0.768056 0.009375 0.0166667
0 0.447266 0.834028 0.0101562 0.0180556
0 0.357812 0.743056 0.009375 0.0166667
0 0.424609 0.627083 0.00859375 0.0152778
0 0.397266 0.674306 0.00859375 0.0152778
0 0.410937 0.649306 0.0078125 0.0152778
