0 0.361328 0.531944 0.0117188 0.0277778
0 0.274219 0.820139 0.0078125 0.0152778
0 0.275781 0.497222 0.0078125 0.0138889
0 0.273047 0.840278 0.00859375 0.0166667
0 0.383594 0.849306 0.0078125 0.0152778
0 0.275391 0.475694 0.00859375 0.0152778
0 0.383203 0.827083 0.00859375 0.0152778
0 0.385156 0.470833 0.0078125 0.0138889
0 0.273047 0.7875 0.00859375 0.0166667
0 0.384375 0.492361 0.0078125 0.0152778
0 0.284766 0.764583 0.00859375 0.0152778
0 0.371484 0.597917 0.00859375 0.0152778
0 0.297266 0.741667 0.00859375 0.0166667
0 0.347266 0.645139 0.00859375 0.0152778
0 0.359766 0.621528 0.00859375 0.0152778
0 0.360156 0.525694 0.009375 0.0152778
0 0.371484 0.55 0.00859375 0.0166667
0 0.333984 0.670139 0.00859375 0.0152778
0 0.322266 0.694444 0.00859375 0.0166667
0 0.309375 0.71875 0.0078125 0.0152778
0 0.385156 0.573611 0.0078125 0.0166667
