0 0.349219 0.4875 0.009375 0.0222222
0 0.462109 0.486111 0.0101562 0.0222222
0 0.353125 0.843056 0.0109375 0.0194444
0 0.461719 0.497917 0.009375 0.0152778
0 0.351172 0.483333 0.00859375 0.0166667
0 0.375781 0.744444 0.009375 0.0166667
0 0.411328 0.675694 0.0101562 0.0152778
0 0.349609 0.501389 0.00859375 0.0138889
0 0.437109 0.53125 0.0101562 0.0152778
0 0.464063 0.578472 0.009375 0.0152778
0 0.350781 0.793056 0.0109375 0.0166667
0 0.424219 0.651389 0.009375 0.0138889
0 0.448828 0.55625 0.00859375 0.0152778
0 0.460938 0.480556 0.009375 0.0166667
0 0.450391 0.602083 0.00859375 0.0152778
0 0.465234 0.85 0.0117188 0.0194444
0 0.352344 0.824306 0.0109375 0.0180556
0 0.401953 0.699306 0.00859375 0.0152778
0 0.364453 0.768056 0.0101562 0.0166667
0 0.437891 0.627083 0.00859375 0.0152778
0 0.465234 0.827083 0.0117188 0.0208333
0 0.389062 0.721528 0.009375 0.0152778
