0 0.489062 0.761806 0.0109375 0.0208333
0 0.469922 0.841667 0.0117188 0.0222222
0 0.582422 0.508333 0.0101562 0.0166667
0 0.5875 0.838889 0.0109375 0.0194444
0 0.582422 0.489583 0.0101562 0.0180556
0 0.545703 0.661111 0.00859375 0.0166667
0 0.520312 0.707639 0.009375 0.0152778
0 0.466406 0.492361 0.009375 0.0180556
0 0.469531 0.856944 0.0109375 0.0194444
0 0.480859 0.780556 0.0101562 0.0194444
0 0.466016 0.515972 0.0101562 0.0180556
0 0.585547 0.591667 0.0101562 0.0166667
0 0.558594 0.638889 0.009375 0.0166667
0 0.569141 0.56875 0.00859375 0.0152778
0 0.55625 0.544444 0.0109375 0.0194444
0 0.506641 0.732639 0.0101562 0.0180556
0 0.533203 0.686806 0.0101562 0.0180556
0 0.493359 0.75625 0.0101562 0.0180556
0 0.570703 0.613194 0.0101562 0.0180556
0 0.467578 0.804167 0.0117188 0.0194444
