0 0.628125 0.850694 0.009375 0.0180556
0 0.512109 0.797917 0.00859375 0.0208333
0 0.510938 0.813194 0.009375 0.0180556
0 0.628516 0.829167 0.0101562 0.0194444
0 0.653906 0.484028 0.009375 0.0180556
0 0.536328 0.460417 0.0101562 0.0180556
0 0.544531 0.724306 0.009375 0.0180556
0 0.633984 0.560417 0.0101562 0.0180556
0 0.514453 0.763194 0.0101562 0.0180556
0 0.651563 0.505556 0.009375 0.0166667
0 0.574609 0.684028 0.0101562 0.0180556
0 0.623047 0.532639 0.0101562 0.0180556
0 0.632031 0.605556 0.009375 0.0166667
0 0.558203 0.703472 0.0101562 0.0180556
0 0.5875 0.665972 0.009375 0.0180556
0 0.534766 0.479861 0.0101562 0.0180556
0 0.617188 0.625 0.009375 0.0166667
0 0.528906 0.74375 0.009375 0.0180556
0 0.602734 0.645139 0.00859375 0.0180556
