0 0.678125 0.578472 0.009375 0.0291667
0 0.703125 0.513194 0.0109375 0.0208333
0 0.615234 0.645833 0.00859375 0.0166667
0 0.525 0.743056 0.009375 0.0166667
0 0.702344 0.521528 0.0109375 0.0180556
0 0.633984 0.825 0.0101562 0.0194444
0 0.588672 0.447917 0.0101562 0.0180556
0 0.677344 0.567361 0.009375 0.0180556
0 0.704297 0.501389 0.0101562 0.0194444
0 0.528906 0.711111 0.0078125 0.0166667
0 0.591016 0.428472 0.0101562 0.0180556
0 0.669141 0.536111 0.0101562 0.0194444
0 0.547266 0.697222 0.00859375 0.0166667
0 0.564453 0.6875 0.00859375 0.0166667
0 0.582031 0.675 0.009375 0.0166667
0 0.684766 0.597222 0.0101562 0.0166667
0 0.599609 0.660417 0.0101562 0.0180556
0 0.666016 0.611111 0.00859375 0.0166667
0 0.632422 0.636111 0.00859375 0.0166667
