0 0.573047 0.739583 0.0101562 0.0180556
0 0.664453 0.650694 0.0101562 0.0180556
0 0.63125 0.672917 0.0109375 0.0180556
0 0.75625 0.527083 0.0109375 0.0208333
0 0.570312 0.753472 0.0109375 0.0236111
0 0.683203 0.639583 0.0101562 0.0180556
0 0.683984 0.825694 0.0117188 0.0208333
0 0.759766 0.506944 0.0117188 0.0194444
0 0.64375 0.429167 0.009375 0.0166667
0 0.722266 0.540972 0.0117188 0.0208333
0 0.728516 0.572917 0.0101562 0.0180556
0 0.641406 0.447917 0.009375 0.0180556
0 0.737891 0.601389 0.0101562 0.0194444
0 0.701172 0.626389 0.0101562 0.0194444
0 0.719141 0.615278 0.0101562 0.0194444
