0 0.732031 0.511806 0.0109375 0.0208333
0 0.714844 0.575694 0.0109375 0.0208333
0 0.608594 0.81875 0.009375 0.0375
0 0.610156 0.853472 0.009375 0.0180556
0 0.608594 0.806944 0.0109375 0.0194444
0 0.611719 0.5 0.009375 0.0166667
0 0.609375 0.841667 0.0109375 0.0194444
0 0.728906 0.868056 0.009375 0.0166667
0 0.73125 0.522917 0.0109375 0.0208333
0 0.610937 0.518056 0.009375 0.0166667
0 0.730859 0.504861 0.0101562 0.0180556
0 0.704297 0.55625 0.0101562 0.0208333
0 0.728516 0.848611 0.00859375 0.0166667
0 0.621484 0.786111 0.0101562 0.0194444
0 0.717188 0.58125 0.009375 0.0180556
0 0.703125 0.65 0.009375 0.0166667
0 0.716406 0.627083 0.009375 0.0180556
0 0.648438 0.740278 0.009375 0.0166667
0 0.6625 0.718056 0.009375 0.0166667
0 0.689844 0.672222 0.009375 0.0166667
0 0.634766 0.760417 0.0101562 0.0180556
0 0.676562 0.694444 0.009375 0.0166667
0 0.730859 0.604861 0.0101562 0.0180556
