0 0.660937 0.832639 0.0109375 0.0208333
0 0.6875 0.724306 0.009375 0.0236111
0 0.778516 0.828472 0.00859375 0.0152778
0 0.777344 0.805556 0.0078125 0.0138889
0 0.594922 0.561111 0.00859375 0.0166667
0 0.705078 0.490278 0.0101562 0.0194444
0 0.689453 0.556944 0.0117188 0.0222222
0 0.666797 0.8875 0.0101562 0.0194444
0 0.707422 0.56875 0.0101562 0.0180556
0 0.70625 0.496528 0.0109375 0.0208333
0 0.597656 0.579167 0.0109375 0.0194444
0 0.716797 0.6125 0.0101562 0.0166667
0 0.724219 0.580556 0.009375 0.0194444
0 0.694141 0.703472 0.0101562 0.0180556
0 0.66875 0.903472 0.0109375 0.0180556
0 0.701953 0.673611 0.0101562 0.0166667
0 0.670703 0.793056 0.00859375 0.0166667
0 0.656641 0.855556 0.0101562 0.0194444
0 0.679688 0.761111 0.009375 0.0166667
0 0.709375 0.640972 0.0109375 0.0180556
0 0.664453 0.822222 0.0101562 0.0194444
0 0.686719 0.734028 0.009375 0.0180556
