0 0.542188 0.527778 0.0109375 0.0194444
0 0.603906 0.720139 0.0109375 0.0347222
0 0.637109 0.813889 0.0132813 0.0222222
0 0.529688 0.468056 0.0140625 0.025
0 0.576953 0.545833 0.0117188 0.0194444
0 0.584766 0.604167 0.0101562 0.0166667
0 0.533984 0.474306 0.0164062 0.0263889
0 0.469531 0.640278 0.0109375 0.0194444
0 0.476562 0.644444 0.0109375 0.0194444
0 0.596484 0.666667 0.0117188 0.0166667
0 0.60625 0.729861 0.0109375 0.0180556
0 0.58125 0.574306 0.0109375 0.0180556
0 0.632031 0.810417 0.0125 0.0208333
0 0.591797 0.638194 0.0101562 0.0180556
0 0.613672 0.793056 0.0101562 0.0194444
0 0.599609 0.697222 0.0117188 0.0194444
0 0.537109 0.528472 0.0101562 0.0180556
0 0.571875 0.515972 0.0125 0.0208333
0 0.609375 0.761806 0.0109375 0.0208333
0 0.555078 0.523611 0.0101562 0.0194444
