0 0.528125 0.790278 0.009375 0.025
0 0.552734 0.844444 0.0101562 0.0166667
0 0.609375 0.665278 0.009375 0.0166667
0 0.605078 0.660417 0.0117188 0.0180556
0 0.600781 0.660417 0.009375 0.0180556
0 0.445312 0.517361 0.0140625 0.0236111
0 0.508203 0.675694 0.0101562 0.0152778
0 0.491406 0.584722 0.009375 0.0166667
0 0.391406 0.693056 0.0109375 0.0194444
0 0.534766 0.825694 0.00859375 0.0152778
0 0.524219 0.765972 0.009375 0.0152778
0 0.51875 0.735417 0.009375 0.0152778
0 0.487109 0.554861 0.0101562 0.0180556
0 0.528906 0.795833 0.009375 0.0166667
0 0.497266 0.614583 0.00859375 0.0152778
0 0.452734 0.574306 0.0101562 0.0180556
0 0.502344 0.644444 0.009375 0.0166667
0 0.469141 0.565972 0.0101562 0.0180556
0 0.512891 0.704861 0.00859375 0.0152778
