0 0.444141 0.620833 0.00859375 0.0416667
0 0.333984 0.680556 0.0101562 0.0194444
0 0.452344 0.76875 0.009375 0.0180556
0 0.55 0.732639 0.0109375 0.0208333
0 0.442187 0.609028 0.009375 0.0152778
0 0.402344 0.525694 0.0109375 0.0180556
0 0.476172 0.8875 0.0132813 0.0222222
0 0.480859 0.89375 0.0132813 0.0208333
0 0.332031 0.676389 0.009375 0.0166667
0 0.407422 0.531944 0.0101562 0.0194444
0 0.399219 0.520139 0.009375 0.0180556
0 0.544922 0.725 0.0101562 0.0194444
0 0.338281 0.688194 0.0109375 0.0180556
0 0.457031 0.830556 0.0109375 0.0194444
0 0.459375 0.8625 0.0109375 0.0194444
0 0.423438 0.583333 0.009375 0.0166667
0 0.441016 0.579167 0.00859375 0.0166667
0 0.446094 0.672917 0.009375 0.0180556
0 0.450391 0.7375 0.00859375 0.0166667
0 0.445312 0.640972 0.009375 0.0152778
0 0.40625 0.586806 0.009375 0.0180556
0 0.449219 0.704861 0.009375 0.0152778
